,alphas,vxs,Rs,paths,curve
0,0.744,-0.04278062105272681,0.40668902953550506,pathfollow_fftg001/N128s035a07440g001/x2.npz,0
1,0.745,-0.042676089419442786,0.4057515899383368,pathfollow_fftg001/N128s035a07450g001/x2.npz,0
2,0.746,-0.04260836191709748,0.40495364050250754,pathfollow_fftg001/N128s035a07460g001/x2.npz,0
3,0.747,-0.042561461085388004,0.4042378686785344,pathfollow_fftg001/N128s035a07470g001/x2.npz,0
4,0.748,-0.0425277600253172,0.4035763910306296,pathfollow_fftg001/N128s035a07480g001/x2.npz,0
5,0.749,-0.042502913451462745,0.40295303715957353,pathfollow_fftg001/N128s035a07490g001/x2.npz,0
6,0.75,-0.042484133341044505,0.4023572655697896,pathfollow_fftg001/N128s035a07500g001/x2.npz,0
7,0.751,-0.04246945871265882,0.4017815607006096,pathfollow_fftg001/N128s035a07510g001/x2.npz,0
8,0.752,-0.04245739924052706,0.40122014608402434,pathfollow_fftg001/N128s035a07520g001/x2.npz,0
9,0.753,-0.04244674337961266,0.40066827757238344,pathfollow_fftg001/N128s035a07530g001/x2.npz,0
10,0.754,-0.0424364485523564,0.40012182357193915,pathfollow_fftg001/N128s035a07540g001/x2.npz,0
11,0.755,-0.04242557811147195,0.3995770041921539,pathfollow_fftg001/N128s035a07550g001/x2.npz,0
12,0.756,-0.04241327059410351,0.3990302338811489,pathfollow_fftg001/N128s035a07560g001/x2.npz,0
13,0.757,-0.04239873818624494,0.3984780521491225,pathfollow_fftg001/N128s035a07570g001/x2.npz,0
14,0.758,-0.0423812994484471,0.3979171571352224,pathfollow_fftg001/N128s035a07580g001/x2.npz,0
15,0.759,-0.04236045798182272,0.39734458613579704,pathfollow_fftg001/N128s035a07590g001/x2.npz,0
16,0.76,-0.04233604126699789,0.3967581121716597,pathfollow_fftg001/N128s035a07600g001/x2.npz,0
17,0.761,-0.042308402891819086,0.39615691908585726,pathfollow_fftg001/N128s035a07610g001/x2.npz,0
18,0.762,-0.04227864897700376,0.3955425125028048,pathfollow_fftg001/N128s035a07620g001/x2.npz,0
19,0.763,-0.04224876722115704,0.39491954743489505,pathfollow_fftg001/N128s035a07630g001/x2.npz,0
20,0.764,-0.04222146851388262,0.39429590463513764,pathfollow_fftg001/N128s035a07640g001/x2.npz,0
21,0.765,-0.04219963824182202,0.3936813980950752,pathfollow_fftg001/N128s035a07650g001/x2.npz,0
22,0.766,-0.04218559392657148,0.3930853763909256,pathfollow_fftg001/N128s035a07660g001/x2.npz,0
23,0.767,-0.04218057616271317,0.392514530349386,pathfollow_fftg001/N128s035a07670g001/x2.npz,0
24,0.768,-0.04218472236827312,0.39197207532649164,pathfollow_fftg001/N128s035a07680g001/x2.npz,0
25,0.769,-0.04219738900474291,0.3914582783553701,pathfollow_fftg001/N128s035a07690g001/x2.npz,0
26,0.77,-0.04221754107473128,0.39097153370923776,pathfollow_fftg001/N128s035a07700g001/x2.npz,0
27,0.771,-0.04224404136039882,0.390509334628545,pathfollow_fftg001/N128s035a07710g001/x2.npz,0
28,0.772,-0.042275813125216555,0.3900689183112466,pathfollow_fftg001/N128s035a07720g001/x2.npz,0
29,0.773,-0.04231191161293643,0.3896476183777104,pathfollow_fftg001/N128s035a07730g001/x2.npz,0
30,0.774,-0.042351544284872776,0.38924302575368414,pathfollow_fftg001/N128s035a07740g001/x2.npz,0
31,0.775,-0.042394066730097546,0.38885304280788113,pathfollow_fftg001/N128s035a07750g001/x2.npz,0
32,0.776,-0.04243896885036586,0.3884758843385789,pathfollow_fftg001/N128s035a07760g001/x2.npz,0
33,0.777,-0.04248585814927249,0.38811005481448513,pathfollow_fftg001/N128s035a07770g001/x2.npz,0
34,0.778,-0.04253444288891959,0.387754316615166,pathfollow_fftg001/N128s035a07780g001/x2.npz,0
35,0.779,-0.042584516027284386,0.38740765611758066,pathfollow_fftg001/N128s035a07790g001/x2.npz,0
36,0.78,-0.04263594015330755,0.3870692506102139,pathfollow_fftg001/N128s035a07800g001/x2.npz,0
37,0.781,-0.042688633467404515,0.38673843728383844,pathfollow_fftg001/N128s035a07810g001/x2.npz,0
38,0.782,-0.04274255687737886,0.3864146848479313,pathfollow_fftg001/N128s035a07820g001/x2.npz,0
39,0.783,-0.04279770232985122,0.3860975680597946,pathfollow_fftg001/N128s035a07830g001/x2.npz,0
40,0.784,-0.04285408250780633,0.3857867453275985,pathfollow_fftg001/N128s035a07840g001/x2.npz,0
41,0.785,-0.04291172199189599,0.3854819394618238,pathfollow_fftg001/N128s035a07850g001/x2.npz,0
42,0.786,-0.0429706498999414,0.3851829214997369,pathfollow_fftg001/N128s035a07860g001/x2.npz,0
43,0.787,-0.04303089395422769,0.3848894974719573,pathfollow_fftg001/N128s035a07870g001/x2.npz,0
44,0.788,-0.04309247583310031,0.3846014978174007,pathfollow_fftg001/N128s035a07880g001/x2.npz,0
45,0.789,-0.04315540762282573,0.38431876912877383,pathfollow_fftg001/N128s035a07890g001/x2.npz,0
46,0.79,-0.04321968915107693,0.38404116785771736,pathfollow_fftg001/N128s035a07900g001/x2.npz,0
47,0.791,-0.04328530597563035,0.3837685556031575,pathfollow_fftg001/N128s035a07910g001/x2.npz,0
48,0.792,-0.04335222781311554,0.3835007956333216,pathfollow_fftg001/N128s035a07920g001/x2.npz,0
49,0.793,-0.04342040720842875,0.38323775031042073,pathfollow_fftg001/N128s035a07930g001/x2.npz,0
50,0.794,-0.04348977827215791,0.382979279129148,pathfollow_fftg001/N128s035a07940g001/x2.npz,0
51,0.795,-0.043560255338463784,0.3827252371069104,pathfollow_fftg001/N128s035a07950g001/x2.npz,0
52,0.796,-0.04363173142417696,0.3824754732890352,pathfollow_fftg001/N128s035a07960g001/x2.npz,0
53,0.797,-0.04370407640120458,0.3822298291475788,pathfollow_fftg001/N128s035a07970g001/x2.npz,0
54,0.798,-0.043777134834572504,0.3819881366625804,pathfollow_fftg001/N128s035a07980g001/x2.npz,0
55,0.799,-0.043850723495427,0.38175021588309044,pathfollow_fftg001/N128s035a07990g001/x2.npz,0
56,0.8,-0.043925044223575974,0.3815169870940023,pathfollow_fftg001/N128s035a08000g001/x4.npz,0
0,0.8,-0.043925044223575974,0.3815169870940023,pathfollow_fftg001/N128s035a08000g001/x4.npz,1
1,0.801,-0.04399860334284683,0.38128489015570416,pathfollow_fftg001/N128s035a08010g001/x2.npz,1
2,0.802,-0.04407236514652552,0.38105703342965647,pathfollow_fftg001/N128s035a08020g001/x2.npz,1
3,0.803,-0.04414559493388876,0.3808320343444853,pathfollow_fftg001/N128s035a08030g001/x2.npz,1
4,0.804,-0.044217937979662884,0.38060959102240105,pathfollow_fftg001/N128s035a08040g001/x2.npz,1
5,0.805,-0.04428900855734605,0.3803893624083,pathfollow_fftg001/N128s035a08050g001/x2.npz,1
6,0.806,-0.04435839974490995,0.38017096654683213,pathfollow_fftg001/N128s035a08060g001/x2.npz,1
7,0.807,-0.04442569984016564,0.3799539837580751,pathfollow_fftg001/N128s035a08070g001/x2.npz,1
8,0.808,-0.044490515846389696,0.3797379668898552,pathfollow_fftg001/N128s035a08080g001/x2.npz,1
9,0.809,-0.04455250247313238,0.3795224598330738,pathfollow_fftg001/N128s035a08090g001/x2.npz,1
10,0.81,-0.044611392140274014,0.3793070231902425,pathfollow_fftg001/N128s035a08100g001/x2.npz,1
11,0.8109999999999999,-0.04466701843940912,0.37909126269247595,pathfollow_fftg001/N128s035a08110g001/x2.npz,1
12,0.8119999999999999,-0.04471932397139549,0.37887485292307976,pathfollow_fftg001/N128s035a08120g001/x2.npz,1
13,0.813,-0.044768344873579946,0.3786575479027493,pathfollow_fftg001/N128s035a08130g001/x2.npz,1
14,0.814,-0.04481416849284645,0.3784391719424194,pathfollow_fftg001/N128s035a08140g001/x2.npz,1
15,0.815,-0.04485686509280283,0.3782195878102729,pathfollow_fftg001/N128s035a08150g001/x2.npz,1
16,0.816,-0.04489639517908889,0.3779986412201145,pathfollow_fftg001/N128s035a08160g001/x2.npz,1
17,0.817,-0.04493248681685211,0.3777760768402906,pathfollow_fftg001/N128s035a08170g001/x2.npz,1
18,0.818,-0.04496445636529565,0.3775514055338697,pathfollow_fftg001/N128s035a08180g001/x2.npz,1
19,0.819,-0.04499089374057249,0.3773236602260643,pathfollow_fftg001/N128s035a08190g001/x2.npz,1
20,0.82,-0.04500897808982017,0.3770908482630154,pathfollow_fftg001/N128s035a08200g001/x2.npz,1
21,0.821,-0.04501257547064657,0.37684838797702597,pathfollow_fftg001/N128s035a08210g001/x2.npz,1
22,0.822,-0.04498364213704563,0.3765817884384024,pathfollow_fftg001/N128s035a08220g001/x3.npz,1
0,0.7429646943942186,-0.042980621052726806,0.4079923982768792,pathfollow_fftg001/N128s035a07440g001v1/x3.npz,2
1,0.742475544390404,-0.043180621052726804,0.40897771808815764,pathfollow_fftg001/N128s035a07440g001v2/x3.npz,2
2,0.7422645590351914,-0.0433806210527268,0.4097920008784844,pathfollow_fftg001/N128s035a07440g001v3/x2.npz,2
3,0.7422189741659766,-0.0435806210527268,0.41049919474949975,pathfollow_fftg001/N128s035a07440g001v4/x2.npz,2
4,0.7422797739689823,-0.0437806210527268,0.41113379414023976,pathfollow_fftg001/N128s035a07440g001v5/x2.npz,2
5,0.742414730495718,-0.0439806210527268,0.4117154998554038,pathfollow_fftg001/N128s035a07440g001v6/x2.npz,2
6,0.7426048501267053,-0.0441806210527268,0.41225655023540786,pathfollow_fftg001/N128s035a07440g001v7/x2.npz,2
7,0.7428386191028764,-0.0443806210527268,0.41276488679795287,pathfollow_fftg001/N128s035a07440g001v8/x2.npz,2
8,0.7431088747959729,-0.044580621052726796,0.41324588004404145,pathfollow_fftg001/N128s035a07440g001v9/x2.npz,2
9,0.7434109509426194,-0.044780621052726795,0.4137033525829438,pathfollow_fftg001/N128s035a07440g001v10/x2.npz,2
10,0.7437415298663707,-0.044980621052726794,0.41414021373976645,pathfollow_fftg001/N128s035a07440g001v11/x2.npz,2
11,0.7440979392808348,-0.04518062105272679,0.4145588527158026,pathfollow_fftg001/N128s035a07440g001v12/x2.npz,2
12,0.7444777503756167,-0.04538062105272679,0.4149613700251208,pathfollow_fftg001/N128s035a07440g001v13/x2.npz,2
13,0.7448785824625122,-0.04558062105272679,0.4153496985870547,pathfollow_fftg001/N128s035a07440g001v14/x2.npz,2
14,0.745298044500646,-0.04578062105272679,0.4157256514283483,pathfollow_fftg001/N128s035a07440g001v15/x2.npz,2
15,0.7457337620293747,-0.04598062105272679,0.4160909230698333,pathfollow_fftg001/N128s035a07440g001v16/x2.npz,2
16,0.7461834530070204,-0.046180621052726786,0.41644706387512415,pathfollow_fftg001/N128s035a07440g001v17/x2.npz,2
17,0.7466450274593432,-0.046380621052726785,0.4167954407124782,pathfollow_fftg001/N128s035a07440g001v18/x2.npz,2
18,0.747116693296212,-0.046580621052726784,0.417137193263648,pathfollow_fftg001/N128s035a07440g001v19/x2.npz,2
19,0.747597054754697,-0.04678062105272678,0.4174731929112329,pathfollow_fftg001/N128s035a07440g001v20/x2.npz,2
20,0.748085191959819,-0.04698062105272678,0.41780400979256216,pathfollow_fftg001/N128s035a07440g001v21/x2.npz,2
21,0.7485807115115213,-0.04718062105272678,0.4181298927282261,pathfollow_fftg001/N128s035a07440g001v22/x2.npz,2
22,0.7490837601327439,-0.04738062105272678,0.41845076577493134,pathfollow_fftg001/N128s035a07440g001v23/x2.npz,2
23,0.7495949969707577,-0.04758062105272678,0.4187662437541112,pathfollow_fftg001/N128s035a07440g001v24/x2.npz,2
24,0.7501155251688578,-0.04778062105272678,0.4190756671577862,pathfollow_fftg001/N128s035a07440g001v25/x2.npz,2
25,0.7506467890005813,-0.047980621052726775,0.4193781544942349,pathfollow_fftg001/N128s035a07440g001v26/x2.npz,2
26,0.7511904479050145,-0.048180621052726774,0.4196726678149504,pathfollow_fftg001/N128s035a07440g001v27/x2.npz,2
27,0.7517482419100003,-0.04838062105272677,0.4199580853549665,pathfollow_fftg001/N128s035a07440g001v28/x2.npz,2
28,0.7523218633629447,-0.04858062105272677,0.4202332743664808,pathfollow_fftg001/N128s035a07440g001v29/x2.npz,2
29,0.7529128476956619,-0.04878062105272677,0.42049715750296224,pathfollow_fftg001/N128s035a07440g001v30/x2.npz,2
30,0.7535224918186979,-0.04898062105272677,0.4207487674278676,pathfollow_fftg001/N128s035a07440g001v31/x2.npz,2
31,0.7541518038295545,-0.04918062105272677,0.42098728633718663,pathfollow_fftg001/N128s035a07440g001v32/x2.npz,2
32,0.7548014831128924,-0.04938062105272677,0.42121206932132726,pathfollow_fftg001/N128s035a07440g001v33/x2.npz,2
33,0.7554719264100036,-0.049580621052726766,0.42142265251449496,pathfollow_fftg001/N128s035a07440g001v34/x2.npz,2
34,0.7561632533835816,-0.049780621052726765,0.42161874847170333,pathfollow_fftg001/N128s035a07440g001v35/x2.npz,2
35,0.7568753445533258,-0.04998062105272676,0.42180023204695477,pathfollow_fftg001/N128s035a07440g001v36/x2.npz,2
36,0.7576078849265713,-0.05018062105272676,0.421967120250743,pathfollow_fftg001/N128s035a07440g001v37/x2.npz,2
37,0.7583604077740221,-0.05038062105272676,0.4221195492911104,pathfollow_fftg001/N128s035a07440g001v38/x2.npz,2
38,0.7591323344284567,-0.05058062105272676,0.42225775142635275,pathfollow_fftg001/N128s035a07440g001v39/x2.npz,2
39,0.7599230074155588,-0.05078062105272676,0.4223820335635552,pathfollow_fftg001/N128s035a07440g001v40/x2.npz,2
40,0.7607317155103067,-0.05098062105272676,0.42249275882794907,pathfollow_fftg001/N128s035a07440g001v41/x2.npz,2
41,0.7615577103547795,-0.051180621052726756,0.42259033170726523,pathfollow_fftg001/N128s035a07440g001v42/x2.npz,2
42,0.7624002150797696,-0.051380621052726755,0.42267518685611377,pathfollow_fftg001/N128s035a07440g001v43/x2.npz,2
43,0.7632584259547134,-0.051580621052726754,0.42274778124893453,pathfollow_fftg001/N128s035a07440g001v44/x2.npz,2
44,0.7641315084791195,-0.05178062105272675,0.42280858908682056,pathfollow_fftg001/N128s035a07440g001v45/x2.npz,2
45,0.765018589552263,-0.05198062105272675,0.42285809868295055,pathfollow_fftg001/N128s035a07440g001v46/x2.npz,2
46,0.7659187474413209,-0.05218062105272675,0.4228968104619964,pathfollow_fftg001/N128s035a07440g001v47/x2.npz,2
47,0.7668310012424836,-0.05238062105272675,0.42292523519014713,pathfollow_fftg001/N128s035a07440g001v48/x2.npz,2
48,0.7677543014169322,-0.05258062105272675,0.42294389159774815,pathfollow_fftg001/N128s035a07440g001v49/x2.npz,2
49,0.7686875228329294,-0.052780621052726746,0.42295330264216696,pathfollow_fftg001/N128s035a07440g001v50/x2.npz,2
50,0.769629461565483,-0.052980621052726745,0.422953989767561,pathfollow_fftg001/N128s035a07440g001v51/x2.npz,2
51,0.7705788365530742,-0.053180621052726744,0.42294646465182545,pathfollow_fftg001/N128s035a07440g001v52/x2.npz,2
52,0.7715342970812872,-0.05338062105272674,0.4229312180716704,pathfollow_fftg001/N128s035a07440g001v53/x2.npz,2
53,0.7724944369803561,-0.05358062105272674,0.4229087056752589,pathfollow_fftg001/N128s035a07440g001v54/x2.npz,2
54,0.7734578163688967,-0.05378062105272674,0.42287933064591193,pathfollow_fftg001/N128s035a07440g001v55/x2.npz,2
55,0.7744229917277604,-0.05398062105272674,0.4228434234955385,pathfollow_fftg001/N128s035a07440g001v56/x2.npz,2
56,0.7753885549812501,-0.05418062105272674,0.4228012196003641,pathfollow_fftg001/N128s035a07440g001v57/x2.npz,2
57,0.7763531819770095,-0.05438062105272674,0.4227528356519842,pathfollow_fftg001/N128s035a07440g001v58/x2.npz,2
58,0.7773156900988767,-0.054580621052726735,0.42269824706713377,pathfollow_fftg001/N128s035a07440g001v59/x2.npz,2
59,0.7782751033477071,-0.054780621052726734,0.4226372697071621,pathfollow_fftg001/N128s035a07440g001v60/x2.npz,2
60,0.7792307205606522,-0.05498062105272673,0.4225695511562008,pathfollow_fftg001/N128s035a07440g001v61/x2.npz,2
61,0.7801821778312739,-0.05518062105272673,0.42249457932095286,pathfollow_fftg001/N128s035a07440g001v62/x2.npz,2
62,0.7811294889728595,-0.05538062105272673,0.4224117189749232,pathfollow_fftg001/N128s035a07440g001v63/x2.npz,2
63,0.782073038147251,-0.05558062105272673,0.4223202891130058,pathfollow_fftg001/N128s035a07440g001v64/x2.npz,2
64,0.7830134883666315,-0.05578062105272673,0.42221969367457657,pathfollow_fftg001/N128s035a07440g001v65/x2.npz,2
65,0.7839515633748446,-0.05598062105272673,0.422109612598159,pathfollow_fftg001/N128s035a07440g001v66/x2.npz,2
66,0.7848876660219474,-0.056180621052726726,0.421990247300907,pathfollow_fftg001/N128s035a07440g001v67/x2.npz,2
67,0.785821319803008,-0.056380621052726725,0.4218625965434075,pathfollow_fftg001/N128s035a07440g001v68/x2.npz,2
68,0.7867504569391022,-0.05658062105272672,0.4217287243651828,pathfollow_fftg001/N128s035a07440g001v69/x2.npz,2
69,0.7876706027109076,-0.05678062105272672,0.42159198606850407,pathfollow_fftg001/N128s035a07440g001v70/x2.npz,2
70,0.7885739829957271,-0.05698062105272672,0.4214572131332456,pathfollow_fftg001/N128s035a07440g001v71/x2.npz,2
71,0.7894484728264013,-0.05718062105272672,0.4213309249115429,pathfollow_fftg001/N128s035a07440g001v72/x2.npz,2
72,0.7902760742231352,-0.05738062105272672,0.4212217325179897,pathfollow_fftg001/N128s035a07440g001v73/x2.npz,2
73,0.79103016894681,-0.05758062105272672,0.4211412591362364,pathfollow_fftg001/N128s035a07440g001v74/x2.npz,2
74,0.7916697617508714,-0.057780621052726716,0.4211062705438074,pathfollow_fftg001/N128s035a07440g001v75/x2.npz,2
75,0.7921257914305126,-0.057980621052726715,0.4211438757170156,pathfollow_fftg001/N128s035a07440g001v76/x2.npz,2
76,0.7922605818432653,-0.058180621052726714,0.42130693217528226,pathfollow_fftg001/N128s035a07440g001v77/x3.npz,2
77,0.7916956315039562,-0.05838062105272671,0.42173911389514956,pathfollow_fftg001/N128s035a07440g001v78/x3.npz,2
0,0.8228756924212902,-0.04478364213704563,0.376199701161101,pathfollow_fftg001/N128s035a08220g001v1/x4.npz,3
1,0.8226617410191517,-0.04458364213704563,0.3760665204927661,pathfollow_fftg001/N128s035a08220g001v2/x3.npz,3
2,0.8221655234342513,-0.04438364213704563,0.3759904475570143,pathfollow_fftg001/N128s035a08220g001v3/x2.npz,3
3,0.8215275633200525,-0.044183642137045634,0.37594005660961566,pathfollow_fftg001/N128s035a08220g001v4/x2.npz,3
4,0.8208046798994549,-0.043983642137045635,0.37590331554446443,pathfollow_fftg001/N128s035a08220g001v5/x2.npz,3
5,0.8200246372887371,-0.043783642137045636,0.37587478715698314,pathfollow_fftg001/N128s035a08220g001v6/x2.npz,3
6,0.8192037829749104,-0.04358364213704564,0.37585145299775974,pathfollow_fftg001/N128s035a08220g001v7/x2.npz,3
7,0.8183526673980811,-0.04338364213704564,0.3758314408220623,pathfollow_fftg001/N128s035a08220g001v8/x2.npz,3
8,0.8174785964429987,-0.04318364213704564,0.37581346069343585,pathfollow_fftg001/N128s035a08220g001v9/x2.npz,3
9,0.8165869236714978,-0.04298364213704564,0.37579652864315893,pathfollow_fftg001/N128s035a08220g001v10/x2.npz,3
10,0.8156817631568517,-0.04278364213704564,0.3757798201559171,pathfollow_fftg001/N128s035a08220g001v11/x2.npz,3
11,0.8147664101623672,-0.042583642137045644,0.3757625876670797,pathfollow_fftg001/N128s035a08220g001v12/x2.npz,3
12,0.8138436035449386,-0.042383642137045645,0.3757441118066095,pathfollow_fftg001/N128s035a08220g001v13/x2.npz,3
13,0.8129156974498842,-0.042183642137045646,0.37572367135845836,pathfollow_fftg001/N128s035a08220g001v14/x2.npz,3
14,0.8119847786078622,-0.04198364213704565,0.3757005240239747,pathfollow_fftg001/N128s035a08220g001v15/x2.npz,3
15,0.8110527497052481,-0.04178364213704565,0.37567389367167137,pathfollow_fftg001/N128s035a08220g001v16/x2.npz,3
16,0.8101213907691306,-0.04158364213704565,0.3756429616942089,pathfollow_fftg001/N128s035a08220g001v17/x2.npz,3
17,0.8091924056532139,-0.04138364213704565,0.3756068612148637,pathfollow_fftg001/N128s035a08220g001v18/x2.npz,3
18,0.808267457826968,-0.04118364213704565,0.37556467356684164,pathfollow_fftg001/N128s035a08220g001v19/x2.npz,3
19,0.8073481978876391,-0.04098364213704565,0.3755154269034469,pathfollow_fftg001/N128s035a08220g001v20/x2.npz,3
20,0.8064362840983004,-0.040783642137045654,0.37545809707540034,pathfollow_fftg001/N128s035a08220g001v21/x2.npz,3
21,0.8055333965636716,-0.040583642137045656,0.37539161107477853,pathfollow_fftg001/N128s035a08220g001v22/x2.npz,3
22,0.8046412452903785,-0.04038364213704566,0.37531485341107185,pathfollow_fftg001/N128s035a08220g001v23/x2.npz,3
23,0.8037615723100765,-0.04018364213704566,0.3752266757361601,pathfollow_fftg001/N128s035a08220g001v24/x2.npz,3
24,0.8028961483072851,-0.03998364213704566,0.37512590985866,pathfollow_fftg001/N128s035a08220g001v25/x2.npz,3
25,0.8020467648547919,-0.03978364213704566,0.37501138395729006,pathfollow_fftg001/N128s035a08220g001v26/x2.npz,3
26,0.801215224460726,-0.03958364213704566,0.37488194132074654,pathfollow_fftg001/N128s035a08220g001v27/x2.npz,3
27,0.8004033320794411,-0.03938364213704566,0.37473646037182706,pathfollow_fftg001/N128s035a08220g001v28/x2.npz,3
28,0.7996128931483331,-0.039183642137045664,0.37457387424294536,pathfollow_fftg001/N128s035a08220g001v29/x2.npz,3
29,0.7988457237620699,-0.038983642137045665,0.37439318803804933,pathfollow_fftg001/N128s035a08220g001v30/x2.npz,3
30,0.7981036770510826,-0.03878364213704567,0.3741934924517044,pathfollow_fftg001/N128s035a08220g001v31/x2.npz,3
31,0.7973886849246256,-0.03858364213704567,0.3739739737763819,pathfollow_fftg001/N128s035a08220g001v32/x2.npz,3
32,0.7967028057376615,-0.03838364213704567,0.37373392219687673,pathfollow_fftg001/N128s035a08220g001v33/x2.npz,3
33,0.7960482575234824,-0.03818364213704567,0.37347274186288204,pathfollow_fftg001/N128s035a08220g001v34/x2.npz,3
34,0.7954274069181151,-0.03798364213704567,0.3731899664676534,pathfollow_fftg001/N128s035a08220g001v35/x2.npz,3
35,0.7948426809602827,-0.03778364213704567,0.37288528222367956,pathfollow_fftg001/N128s035a08220g001v36/x2.npz,3
36,0.7942963786060875,-0.037583642137045674,0.3725585558606766,pathfollow_fftg001/N128s035a08220g001v37/x2.npz,3
37,0.7937903882021766,-0.037383642137045675,0.37220985763089653,pathfollow_fftg001/N128s035a08220g001v38/x2.npz,3
38,0.7933258746861117,-0.037183642137045676,0.37183945588268197,pathfollow_fftg001/N128s035a08220g001v39/x2.npz,3
39,0.792903087098466,-0.03698364213704568,0.37144773956682897,pathfollow_fftg001/N128s035a08220g001v40/x2.npz,3
40,0.7925215231803493,-0.03678364213704568,0.3710350071642812,pathfollow_fftg001/N128s035a08220g001v41/x2.npz,3
41,0.7921806908507112,-0.03658364213704568,0.37060107013154864,pathfollow_fftg001/N128s035a08220g001v42/x2.npz,3
42,0.7918815326447751,-0.03638364213704568,0.3701446802561519,pathfollow_fftg001/N128s035a08220g001v43/x2.npz,3
43,0.7916282555463513,-0.03618364213704568,0.36966288487192783,pathfollow_fftg001/N128s035a08220g001v44/x2.npz,3
44,0.791430054942177,-0.035983642137045684,0.36915046946457003,pathfollow_fftg001/N128s035a08220g001v45/x2.npz,3
45,0.7913022605876582,-0.035783642137045685,0.36859960779814566,pathfollow_fftg001/N128s035a08220g001v46/x2.npz,3
46,0.7912667036098884,-0.035583642137045686,0.367999741181231,pathfollow_fftg001/N128s035a08220g001v47/x2.npz,3
47,0.7913513190858321,-0.03538364213704569,0.36733763318043094,pathfollow_fftg001/N128s035a08220g001v48/x2.npz,3
48,0.7915891001853474,-0.03518364213704569,0.3665974672020701,pathfollow_fftg001/N128s035a08220g001v49/x2.npz,3
49,0.7920173344959149,-0.03498364213704569,0.36576040959399847,pathfollow_fftg001/N128s035a08220g001v50/x2.npz,3
50,0.7926823385958514,-0.03478364213704569,0.36480112305581985,pathfollow_fftg001/N128s035a08220g001v51/x2.npz,3
51,0.7936713076972794,-0.03458364213704569,0.36367144600130474,pathfollow_fftg001/N128s035a08220g001v52/x3.npz,3
52,0.7952443525279026,-0.03438364213704569,0.3622378785227438,pathfollow_fftg001/N128s035a08220g001v53/x3.npz,3
53,0.7989379777701052,-0.034183642137045694,0.3597752688192441,pathfollow_fftg001/N128s035a08220g001v54/x4.npz,3
0,0.7999,-0.03416252554245193,0.35925202625773156,pathfollow_fftg001/N128s035a07999g001/x2.npz,4
1,0.8009000000000001,-0.034147824582502664,0.35874023097919727,pathfollow_fftg001/N128s035a08009g001/x2.npz,4
2,0.8019000000000001,-0.03413865466495954,0.35825502056773284,pathfollow_fftg001/N128s035a08019g001/x2.npz,4
3,0.8029000000000001,-0.03413363801807599,0.3577916974398982,pathfollow_fftg001/N128s035a08029g001/x2.npz,4
4,0.8039000000000001,-0.03413175908118064,0.3573466967186427,pathfollow_fftg001/N128s035a08039g001/x2.npz,4
5,0.8049000000000001,-0.034132267249620575,0.35691729554784407,pathfollow_fftg001/N128s035a08049g001/x2.npz,4
6,0.8059000000000001,-0.03413461021262514,0.35650140676930414,pathfollow_fftg001/N128s035a08059g001/x2.npz,4
7,0.8069000000000001,-0.034138386059716454,0.35609742782695875,pathfollow_fftg001/N128s035a08069g001/x2.npz,4
8,0.8079000000000001,-0.03414330649483964,0.35570412538397067,pathfollow_fftg001/N128s035a08079g001/x2.npz,4
9,0.8089000000000001,-0.034149166350758646,0.3553205430030356,pathfollow_fftg001/N128s035a08089g001/x2.npz,4
10,0.8099000000000001,-0.03415581656073772,0.3549459240796481,pathfollow_fftg001/N128s035a08099g001/x2.npz,4
11,0.8109000000000001,-0.03416313907035428,0.35457964548967597,pathfollow_fftg001/N128s035a08109g001/x2.npz,4
12,0.8119000000000001,-0.03417102296656483,0.3542211594171671,pathfollow_fftg001/N128s035a08119g001/x2.npz,4
13,0.8129,-0.03417934143381063,0.35386994182697246,pathfollow_fftg001/N128s035a08129g001/x2.npz,4
14,0.8139,-0.03418792903308971,0.35352544607221764,pathfollow_fftg001/N128s035a08139g001/x2.npz,4
15,0.8149,-0.03419655826865455,0.3531870594334868,pathfollow_fftg001/N128s035a08149g001/x2.npz,4
16,0.8159,-0.034204913347313244,0.3528540587866281,pathfollow_fftg001/N128s035a08159g001/x2.npz,4
17,0.8169,-0.03421255716709236,0.35252555883761283,pathfollow_fftg001/N128s035a08169g001/x2.npz,4
18,0.8179,-0.03421888407761276,0.352200441221405,pathfollow_fftg001/N128s035a08179g001/x2.npz,4
19,0.8189,-0.03422304374213467,0.35187724219073596,pathfollow_fftg001/N128s035a08189g001/x2.npz,4
20,0.8199,-0.034223804845760195,0.3515539521760939,pathfollow_fftg001/N128s035a08199g001/x2.npz,4
21,0.8209,-0.03421928409952531,0.35122761610874,pathfollow_fftg001/N128s035a08209g001/x2.npz,4
22,0.8219,-0.03420633323017995,0.3508934248245075,pathfollow_fftg001/N128s035a08219g001/x2.npz,4
23,0.8229,-0.03417886305433871,0.3505422157826956,pathfollow_fftg001/N128s035a08229g001/x2.npz,4
24,0.8239,-0.03412077812070975,0.3501498293958016,pathfollow_fftg001/N128s035a08239g001/x3.npz,4
25,0.8249,-0.03389988057665845,0.34951565481079067,pathfollow_fftg001/N128s035a08249g001/x4.npz,4
0,0.7407,-0.056628624361143964,0.4424919541490503,pathfollow_fftg001/N128s035a07407g001/x2.npz,5
1,0.7417,-0.05666624430811492,0.44203991470411125,pathfollow_fftg001/N128s035a07417g001/x2.npz,5
2,0.7427,-0.05670434708648194,0.44159303066583366,pathfollow_fftg001/N128s035a07427g001/x2.npz,5
3,0.7437,-0.056742845177354125,0.44115075379473173,pathfollow_fftg001/N128s035a07437g001/x2.npz,5
4,0.7447,-0.05678165902711565,0.4407125478268735,pathfollow_fftg001/N128s035a07447g001/x2.npz,5
5,0.7457,-0.05682071688778055,0.4402778896372654,pathfollow_fftg001/N128s035a07457g001/x2.npz,5
6,0.7467,-0.05685995470992124,0.43984627027877454,pathfollow_fftg001/N128s035a07467g001/x2.npz,5
7,0.7477,-0.05689931618821428,0.43941719639711724,pathfollow_fftg001/N128s035a07477g001/x2.npz,5
8,0.7487,-0.056938753033849314,0.4389901924709029,pathfollow_fftg001/N128s035a07487g001/x2.npz,5
9,0.7497,-0.056978225529074604,0.43856480426717864,pathfollow_fftg001/N128s035a07497g001/x2.npz,5
10,0.7507,-0.057017703383440865,0.4381406038212269,pathfollow_fftg001/N128s035a07507g001/x2.npz,5
11,0.7517,-0.05705716687473036,0.43771719613599797,pathfollow_fftg001/N128s035a07517g001/x2.npz,5
12,0.7527,-0.05709660820349129,0.437294227621056,pathfollow_fftg001/N128s035a07527g001/x2.npz,5
13,0.7537,-0.05713603292646958,0.43687139604751735,pathfollow_fftg001/N128s035a07537g001/x2.npz,5
14,0.7547,-0.05717546126129782,0.4364484614754308,pathfollow_fftg001/N128s035a07547g001/x2.npz,5
15,0.7557,-0.057214928985894566,0.43602525723833846,pathfollow_fftg001/N128s035a07557g001/x2.npz,5
16,0.7567,-0.05725448760959668,0.4356016997039535,pathfollow_fftg001/N128s035a07567g001/x2.npz,5
17,0.7577,-0.057294203495329064,0.4351777952697383,pathfollow_fftg001/N128s035a07577g001/x2.npz,5
18,0.7587,-0.057334155687772274,0.4347536430224427,pathfollow_fftg001/N128s035a07587g001/x2.npz,5
19,0.7597,-0.05737443236252584,0.43432943180418343,pathfollow_fftg001/N128s035a07597g001/x2.npz,5
20,0.7607,-0.05741512604270338,0.4339054311244178,pathfollow_fftg001/N128s035a07607g001/x2.npz,5
21,0.7617,-0.05745632797835622,0.4334819763420541,pathfollow_fftg001/N128s035a07617g001/x2.npz,5
22,0.7627,-0.057498122284564995,0.4330594495912875,pathfollow_fftg001/N128s035a07627g001/x2.npz,5
23,0.7637,-0.05754058050667869,0.43263825872384865,pathfollow_fftg001/N128s035a07637g001/x2.npz,5
24,0.7647,-0.05758375719511399,0.43221881682802055,pathfollow_fftg001/N128s035a07647g001/x2.npz,5
25,0.7657,-0.057627686845977626,0.4318015245716956,pathfollow_fftg001/N128s035a07657g001/x2.npz,5
26,0.7666999999999999,-0.057672382264650754,0.431386756810845,pathfollow_fftg001/N128s035a07667g001/x2.npz,5
27,0.7676999999999999,-0.0577178341286445,0.43097485388683826,pathfollow_fftg001/N128s035a07677g001/x2.npz,5
28,0.7686999999999999,-0.057764011331513626,0.43056611710433895,pathfollow_fftg001/N128s035a07687g001/x2.npz,5
29,0.7696999999999999,-0.05781086161266305,0.4301608072501114,pathfollow_fftg001/N128s035a07697g001/x2.npz,5
30,0.7706999999999999,-0.057858312006666385,0.4297591447567884,pathfollow_fftg001/N128s035a07707g001/x2.npz,5
31,0.7716999999999999,-0.057906268744465084,0.42936131017930396,pathfollow_fftg001/N128s035a07717g001/x2.npz,5
32,0.7726999999999999,-0.05795461636320244,0.4289674439175057,pathfollow_fftg001/N128s035a07727g001/x2.npz,5
33,0.7736999999999999,-0.058003215902952765,0.4285776444604428,pathfollow_fftg001/N128s035a07737g001/x2.npz,5
34,0.7746999999999999,-0.05805190215339534,0.4281919647119003,pathfollow_fftg001/N128s035a07747g001/x2.npz,5
35,0.7757,-0.05810047997718499,0.42781040618371213,pathfollow_fftg001/N128s035a07757g001/x2.npz,5
36,0.7767,-0.05814871975860161,0.4274329109279881,pathfollow_fftg001/N128s035a07767g001/x2.npz,5
37,0.7777,-0.05819635202932017,0.4270593510865413,pathfollow_fftg001/N128s035a07777g001/x2.npz,5
38,0.7787,-0.05824306130268524,0.42668951588434756,pathfollow_fftg001/N128s035a07787g001/x2.npz,5
39,0.7797,-0.05828847908669844,0.42632309579205696,pathfollow_fftg001/N128s035a07797g001/x2.npz,5
40,0.7807,-0.05833217591025817,0.42595966351148934,pathfollow_fftg001/N128s035a07807g001/x2.npz,5
41,0.7817,-0.058373651872424305,0.4255986512639011,pathfollow_fftg001/N128s035a07817g001/x2.npz,5
42,0.7827,-0.05841232453067213,0.42523932353596405,pathfollow_fftg001/N128s035a07827g001/x2.npz,5
43,0.7837,-0.05844751150905818,0.4248807435140442,pathfollow_fftg001/N128s035a07837g001/x2.npz,5
44,0.7847,-0.05847840236056357,0.42452172913836894,pathfollow_fftg001/N128s035a07847g001/x2.npz,5
45,0.7857,-0.05850400856291116,0.4241607892608647,pathfollow_fftg001/N128s035a07857g001/x2.npz,5
46,0.7867,-0.05852306878078347,0.4237960178289088,pathfollow_fftg001/N128s035a07867g001/x2.npz,5
47,0.7877,-0.058533859639024036,0.42342489402042166,pathfollow_fftg001/N128s035a07877g001/x2.npz,5
48,0.7887,-0.058533793873690544,0.4230438596402616,pathfollow_fftg001/N128s035a07887g001/x2.npz,5
49,0.7897,-0.05851815709413064,0.422646985773615,pathfollow_fftg001/N128s035a07897g001/x3.npz,5
50,0.7907,-0.05847752913829387,0.4222231388923597,pathfollow_fftg001/N128s035a07907g001/x3.npz,5
0,0.8247568545207987,-0.03369988057665845,0.3492494508522724,pathfollow_fftg001/N128s035a08249g001v1/x3.npz,6
1,0.8242624739859911,-0.03349988057665845,0.3490799742501562,pathfollow_fftg001/N128s035a08249g001v2/x2.npz,6
2,0.8235837173942677,-0.033299880576658454,0.3489575135180249,pathfollow_fftg001/N128s035a08249g001v3/x2.npz,6
3,0.82279902234839,-0.033099880576658455,0.34885872037581006,pathfollow_fftg001/N128s035a08249g001v4/x2.npz,6
4,0.8219517590760002,-0.032899880576658456,0.34877055268123125,pathfollow_fftg001/N128s035a08249g001v5/x2.npz,6
5,0.8210694849619691,-0.03269988057665846,0.3486845198996532,pathfollow_fftg001/N128s035a08249g001v6/x2.npz,6
6,0.820171099846123,-0.03249988057665846,0.3485946004805539,pathfollow_fftg001/N128s035a08249g001v7/x2.npz,6
7,0.8192702415547984,-0.03229988057665846,0.3484962679204379,pathfollow_fftg001/N128s035a08249g001v8/x2.npz,6
8,0.8183771238839935,-0.03209988057665846,0.3483859656552323,pathfollow_fftg001/N128s035a08249g001v9/x2.npz,6
9,0.8174996881072535,-0.03189988057665846,0.3482607744035517,pathfollow_fftg001/N128s035a08249g001v10/x2.npz,6
10,0.8166444380618454,-0.031699880576658464,0.3481181688302215,pathfollow_fftg001/N128s035a08249g001v11/x2.npz,6
11,0.8158171034674829,-0.031499880576658465,0.3479558290368562,pathfollow_fftg001/N128s035a08249g001v12/x2.npz,6
12,0.8150231599678663,-0.031299880576658466,0.34777150494295195,pathfollow_fftg001/N128s035a08249g001v13/x2.npz,6
13,0.8142681789393963,-0.031099880576658467,0.3475629422031142,pathfollow_fftg001/N128s035a08249g001v14/x2.npz,6
14,0.8135579721774568,-0.03089988057665847,0.3473278721829117,pathfollow_fftg001/N128s035a08249g001v15/x2.npz,6
15,0.8128985299577854,-0.03069988057665847,0.3470640502796268,pathfollow_fftg001/N128s035a08249g001v16/x2.npz,6
16,0.8122958200528925,-0.03049988057665847,0.34676930148902274,pathfollow_fftg001/N128s035a08249g001v17/x2.npz,6
17,0.81175561429999,-0.030299880576658472,0.34644150453749956,pathfollow_fftg001/N128s035a08249g001v18/x2.npz,6
18,0.8112836201201007,-0.030099880576658473,0.3460784241795732,pathfollow_fftg001/N128s035a08249g001v19/x2.npz,6
19,0.8108862601551255,-0.029899880576658475,0.345677301481792,pathfollow_fftg001/N128s035a08249g001v20/x2.npz,6
20,0.8105723611672705,-0.029699880576658476,0.3452341548066576,pathfollow_fftg001/N128s035a08249g001v21/x2.npz,6
21,0.8103557260621348,-0.029499880576658477,0.3447428248803608,pathfollow_fftg001/N128s035a08249g001v22/x2.npz,6
22,0.8102582269629185,-0.02929988057665848,0.34419384482555754,pathfollow_fftg001/N128s035a08249g001v23/x2.npz,6
23,0.8103131385286172,-0.02909988057665848,0.3435730761943288,pathfollow_fftg001/N128s035a08249g001v24/x2.npz,6
24,0.81056984469607,-0.02889988057665848,0.342859406254836,pathfollow_fftg001/N128s035a08249g001v25/x2.npz,6
25,0.8111067349973423,-0.028699880576658482,0.34201852230997964,pathfollow_fftg001/N128s035a08249g001v26/x2.npz,6
26,0.8120855568852475,-0.028499880576658483,0.3409793456721998,pathfollow_fftg001/N128s035a08249g001v27/x3.npz,6
27,0.8140302096822003,-0.028299880576658484,0.33952057758365245,pathfollow_fftg001/N128s035a08249g001v28/x3.npz,6
0,0.815,-0.028245182427431792,0.33893874814661984,pathfollow_fftg001_/N128s035a08150g001/x2.npz,7
1,0.816,-0.028206601120964705,0.33840019980806424,pathfollow_fftg001_/N128s035a08160g001/x2.npz,7
2,0.817,-0.028180940781544563,0.3379082485358564,pathfollow_fftg001_/N128s035a08170g001/x2.npz,7
3,0.818,-0.028164873326878153,0.33745233222723564,pathfollow_fftg001_/N128s035a08180g001/x2.npz,7
4,0.819,-0.028156173803805383,0.3370250620822124,pathfollow_fftg001_/N128s035a08190g001/x2.npz,7
5,0.82,-0.028153304801192106,0.3366210617362024,pathfollow_fftg001_/N128s035a08200g001/x2.npz,7
6,0.821,-0.028155176878607552,0.3362362951408339,pathfollow_fftg001_/N128s035a08210g001/x2.npz,7
7,0.822,-0.028161003082487094,0.33586765612848885,pathfollow_fftg001_/N128s035a08220g001/x2.npz,7
8,0.823,-0.028170206867119824,0.3355127074637235,pathfollow_fftg001_/N128s035a08230g001/x2.npz,7
9,0.824,-0.028182361609123817,0.3351695092739617,pathfollow_fftg001_/N128s035a08240g001/x2.npz,7
10,0.825,-0.028197149319289055,0.3348365027007554,pathfollow_fftg001_/N128s035a08250g001/x2.npz,7
11,0.826,-0.028214331192473033,0.33451242849418134,pathfollow_fftg001_/N128s035a08260g001/x2.npz,7
12,0.827,-0.028233725498831675,0.3341962681316468,pathfollow_fftg001_/N128s035a08270g001/x2.npz,7
13,0.828,-0.028255190021586402,0.33388719965995434,pathfollow_fftg001_/N128s035a08280g001/x2.npz,7
14,0.829,-0.028278607281836135,0.3335845632884097,pathfollow_fftg001_/N128s035a08290g001/x2.npz,7
15,0.83,-0.028303871424992338,0.33328783345310864,pathfollow_fftg001_/N128s035a08300g001/x2.npz,7
16,0.831,-0.028330875980366245,0.3329965950920292,pathfollow_fftg001_/N128s035a08310g001/x2.npz,7
17,0.832,-0.028359501860183333,0.33271052239856236,pathfollow_fftg001_/N128s035a08320g001/x2.npz,7
18,0.833,-0.028389604961466912,0.33242935852256184,pathfollow_fftg001_/N128s035a08330g001/x2.npz,7
19,0.834,-0.028421002617242914,0.33215289461550757,pathfollow_fftg001_/N128s035a08340g001/x2.npz,7
20,0.835,-0.028453457907751206,0.33188094632281095,pathfollow_fftg001_/N128s035a08350g001/x2.npz,7
21,0.836,-0.028486660417264456,0.33161332520650577,pathfollow_fftg001_/N128s035a08360g001/x2.npz,7
22,0.837,-0.028520201252181823,0.33134980147933674,pathfollow_fftg001_/N128s035a08370g001/x2.npz,7
23,0.838,-0.028553538593462744,0.33109005230482347,pathfollow_fftg001_/N128s035a08380g001/x2.npz,7
24,0.839,-0.02858594674996372,0.3308335855394073,pathfollow_fftg001_/N128s035a08390g001/x2.npz,7
25,0.84,-0.02861643405916704,0.33057961891644533,pathfollow_fftg001_/N128s035a08400g001/x2.npz,7
26,0.841,-0.02864359590762325,0.33032687005437666,pathfollow_fftg001_/N128s035a08410g001/x2.npz,7
27,0.842,-0.02866531566577219,0.33007314316433234,pathfollow_fftg001_/N128s035a08420g001/x2.npz,7
28,0.843,-0.028678048862099365,0.32981436501801464,pathfollow_fftg001_/N128s035a08430g001/x2.npz,7
29,0.844,-0.02867465602884752,0.3295416990372241,pathfollow_fftg001_/N128s035a08440g001/x2.npz,7
30,0.845,-0.02863273117344043,0.3292258917447885,pathfollow_fftg001_/N128s035a08450g001/x3.npz,7
0,0.6727,-0.06290182124064923,0.5068119858267,pathfollow_fftg001/N128s035a06727g001/x4.npz,8
1,0.6737,-0.06137405653060484,0.5021183675150649,pathfollow_fftg001/N128s035a06737g001/x4.npz,8
2,0.6747,-0.06021439957333782,0.4978925083088166,pathfollow_fftg001/N128s035a06747g001/x3.npz,8
3,0.6757,-0.05972615048183229,0.4955813238735743,pathfollow_fftg001/N128s035a06757g001/x3.npz,8
4,0.6767,-0.05943866377859551,0.4939312278828358,pathfollow_fftg001/N128s035a06767g001/x2.npz,8
5,0.6777,-0.05922751566628764,0.49255280344364394,pathfollow_fftg001/N128s035a06777g001/x2.npz,8
6,0.6787,-0.059052569448456604,0.49131284172012546,pathfollow_fftg001/N128s035a06787g001/x2.npz,8
7,0.6797,-0.058895703981402356,0.4901483896469325,pathfollow_fftg001/N128s035a06797g001/x2.npz,8
8,0.6807,-0.05874628303732665,0.4890209738139105,pathfollow_fftg001/N128s035a06807g001/x2.npz,8
9,0.6817,-0.05859671097261774,0.48790189820178265,pathfollow_fftg001/N128s035a06817g001/x2.npz,8
10,0.6827,-0.05844071986709155,0.48676617782933684,pathfollow_fftg001/N128s035a06827g001/x2.npz,8
11,0.6837,-0.058272861856233815,0.48559029157738093,pathfollow_fftg001/N128s035a06837g001/x2.npz,8
12,0.6847,-0.05808889606935486,0.48435282933813284,pathfollow_fftg001/N128s035a06847g001/x2.npz,8
13,0.6857,-0.057886926700590084,0.4830377211672683,pathfollow_fftg001/N128s035a06857g001/x2.npz,8
14,0.6867,-0.057669054826658094,0.4816396077092459,pathfollow_fftg001/N128s035a06867g001/x2.npz,8
15,0.6877,-0.05744403626311505,0.48017490041407623,pathfollow_fftg001/N128s035a06877g001/x2.npz,8
16,0.6887,-0.057230199377275956,0.4787004520219097,pathfollow_fftg001/N128s035a06887g001/x2.npz,8
17,0.6897,-0.05705046670351235,0.4773093838248555,pathfollow_fftg001/N128s035a06897g001/x2.npz,8
18,0.6907,-0.056914387746929675,0.47606257936097135,pathfollow_fftg001/N128s035a06907g001/x2.npz,8
19,0.6917,-0.05681477365157464,0.4749536037403721,pathfollow_fftg001/N128s035a06917g001/x2.npz,8
20,0.6927,-0.056740529611949884,0.4739495440101473,pathfollow_fftg001/N128s035a06927g001/x2.npz,8
21,0.6937,-0.056682956502507494,0.47301978952158363,pathfollow_fftg001/N128s035a06937g001/x2.npz,8
22,0.6947,-0.05663614538060509,0.47214161275662,pathfollow_fftg001/N128s035a06947g001/x2.npz,8
23,0.6957,-0.05659616976320649,0.4712988915074705,pathfollow_fftg001/N128s035a06957g001/x2.npz,8
24,0.6967,-0.05656042418627274,0.4704802815471343,pathfollow_fftg001/N128s035a06967g001/x2.npz,8
25,0.6977,-0.05652722706064617,0.4696779827234405,pathfollow_fftg001/N128s035a06977g001/x2.npz,8
26,0.6987,-0.05649559647694921,0.4688870251904493,pathfollow_fftg001/N128s035a06987g001/x2.npz,8
27,0.6997,-0.056465104841494425,0.4681048079985905,pathfollow_fftg001/N128s035a06997g001/x2.npz,8
28,0.7007,-0.05643574357974879,0.46733064058231205,pathfollow_fftg001/N128s035a07007g001/x2.npz,8
29,0.7017,-0.056407764582155066,0.4665651433868008,pathfollow_fftg001/N128s035a07017g001/x2.npz,8
30,0.7027,-0.05638150702218868,0.46580952885962346,pathfollow_fftg001/N128s035a07027g001/x2.npz,8
31,0.7037,-0.05635724718297315,0.4650649203679914,pathfollow_fftg001/N128s035a07037g001/x2.npz,8
32,0.7047,-0.05633510639633334,0.46433187826621575,pathfollow_fftg001/N128s035a07047g001/x2.npz,8
33,0.7057,-0.05631502535163009,0.4636101987288613,pathfollow_fftg001/N128s035a07057g001/x2.npz,8
34,0.7067,-0.05629678765275432,0.46289893561850387,pathfollow_fftg001/N128s035a07067g001/x2.npz,8
35,0.7077,-0.056280067688781715,0.46219654747713373,pathfollow_fftg001/N128s035a07077g001/x2.npz,8
36,0.7087,-0.05626448444361364,0.4615010888221747,pathfollow_fftg001/N128s035a07087g001/x2.npz,8
37,0.7097,-0.05624965334693427,0.4608104065350374,pathfollow_fftg001/N128s035a07097g001/x2.npz,8
38,0.7107,-0.05623523592744892,0.4601223377062461,pathfollow_fftg001/N128s035a07107g001/x2.npz,8
39,0.7117,-0.056220990038988054,0.4594349243714829,pathfollow_fftg001/N128s035a07117g001/x2.npz,8
40,0.7127,-0.056206821847891476,0.4587466614130952,pathfollow_fftg001/N128s035a07127g001/x2.npz,8
41,0.7137,-0.056192834644743596,0.4580567739336799,pathfollow_fftg001/N128s035a07137g001/x2.npz,8
42,0.7147,-0.05617935972798466,0.4573654771591219,pathfollow_fftg001/N128s035a07147g001/x2.npz,8
43,0.7157,-0.05616694591714857,0.4566741169225986,pathfollow_fftg001/N128s035a07157g001/x2.npz,8
44,0.7167,-0.05615628733414403,0.45598506449002363,pathfollow_fftg001/N128s035a07167g001/x2.npz,8
45,0.7177,-0.05614809340519674,0.45530130538577307,pathfollow_fftg001/N128s035a07177g001/x2.npz,8
46,0.7187,-0.05614294196343298,0.4546258214192162,pathfollow_fftg001/N128s035a07187g001/x2.npz,8
47,0.7197,-0.05614117494552291,0.4539610061081854,pathfollow_fftg001/N128s035a07197g001/x2.npz,8
48,0.7207,-0.05614287406239518,0.4533083385438749,pathfollow_fftg001/N128s035a07207g001/x2.npz,8
49,0.7217,-0.05614790898441566,0.45266837932787235,pathfollow_fftg001/N128s035a07217g001/x2.npz,8
50,0.7227,-0.05615602108070529,0.4520409932002329,pathfollow_fftg001/N128s035a07227g001/x2.npz,8
51,0.7237,-0.056166906012826576,0.4514256512618033,pathfollow_fftg001/N128s035a07237g001/x2.npz,8
52,0.7247,-0.0561802747034462,0.4508217021245366,pathfollow_fftg001/N128s035a07247g001/x2.npz,8
53,0.7257,-0.05619588764705629,0.4502285602659772,pathfollow_fftg001/N128s035a07257g001/x2.npz,8
54,0.7267,-0.0562135660144871,0.44964580276061256,pathfollow_fftg001/N128s035a07267g001/x2.npz,8
55,0.7277,-0.05623318614354756,0.4490731882692938,pathfollow_fftg001/N128s035a07277g001/x2.npz,8
56,0.7287,-0.05625466445445774,0.44851062176643103,pathfollow_fftg001/N128s035a07287g001/x2.npz,8
57,0.7297,-0.056277939103301436,0.4479580908694688,pathfollow_fftg001/N128s035a07297g001/x2.npz,8
58,0.7307,-0.05630295324080503,0.44741559694573385,pathfollow_fftg001/N128s035a07307g001/x2.npz,8
59,0.7317,-0.05632964281995128,0.44688309775114654,pathfollow_fftg001/N128s035a07317g001/x2.npz,8
60,0.7327,-0.056357929923393245,0.44636047011860885,pathfollow_fftg001/N128s035a07327g001/x2.npz,8
61,0.7337,-0.05638772104086724,0.4458474937531451,pathfollow_fftg001/N128s035a07337g001/x2.npz,8
62,0.7347,-0.05641890889045856,0.44534385218603906,pathfollow_fftg001/N128s035a07347g001/x2.npz,8
63,0.7357,-0.05645137620165651,0.44484914495033684,pathfollow_fftg001/N128s035a07357g001/x2.npz,8
64,0.7367,-0.05648500014454799,0.4443629052120884,pathfollow_fftg001/N128s035a07367g001/x2.npz,8
65,0.7377,-0.056519656516732485,0.44388461848909544,pathfollow_fftg001/N128s035a07377g001/x2.npz,8
66,0.7387,-0.0565552232142375,0.4434137397228929,pathfollow_fftg001/N128s035a07387g001/x2.npz,8
67,0.7397,-0.056591582822832553,0.44294970736866235,pathfollow_fftg001/N128s035a07397g001/x2.npz,8
68,0.7407,-0.056628624361143964,0.4424919541490503,pathfollow_fftg001/N128s035a07407g001/x2.npz,8
0,0.6725793051589991,-0.06310182124064924,0.5073830770866081,pathfollow_fftg001/N128s035a06727g001v1/x2.npz,9
1,0.6724670055801096,-0.06330182124064924,0.5079426454641051,pathfollow_fftg001/N128s035a06727g001v2/x2.npz,9
2,0.6723648939475286,-0.06350182124064925,0.5084900068762348,pathfollow_fftg001/N128s035a06727g001v3/x2.npz,9
3,0.6722744492566819,-0.06370182124064926,0.5090245698207763,pathfollow_fftg001/N128s035a06727g001v4/x2.npz,9
4,0.6721967883551092,-0.06390182124064926,0.5095458784348127,pathfollow_fftg001/N128s035a06727g001v5/x2.npz,9
5,0.6721326508484196,-0.06410182124064927,0.5100536361212156,pathfollow_fftg001/N128s035a06727g001v6/x2.npz,9
6,0.6720824124222164,-0.06430182124064927,0.5105477126884144,pathfollow_fftg001/N128s035a06727g001v7/x2.npz,9
7,0.6720461198119035,-0.06450182124064928,0.5110281377806746,pathfollow_fftg001/N128s035a06727g001v8/x2.npz,9
8,0.6720235401856164,-0.06470182124064928,0.5114950840241764,pathfollow_fftg001/N128s035a06727g001v9/x2.npz,9
9,0.6720142181838313,-0.06490182124064929,0.5119488434268996,pathfollow_fftg001/N128s035a06727g001v10/x2.npz,9
10,0.6720175349374184,-0.0651018212406493,0.5123898002729472,pathfollow_fftg001/N128s035a06727g001v11/x2.npz,9
11,0.6720327647287994,-0.0653018212406493,0.5128184032114802,pathfollow_fftg001/N128s035a06727g001v12/x2.npz,9
12,0.6720591263001667,-0.06550182124064931,0.5132351385954758,pathfollow_fftg001/N128s035a06727g001v13/x2.npz,9
13,0.6720958270031905,-0.06570182124064931,0.5136405064889794,pathfollow_fftg001/N128s035a06727g001v14/x2.npz,9
14,0.6721420989253805,-0.06590182124064932,0.5140350002083949,pathfollow_fftg001/N128s035a06727g001v15/x2.npz,9
15,0.6721972268318407,-0.06610182124064932,0.5144190898129636,pathfollow_fftg001/N128s035a06727g001v16/x2.npz,9
16,0.6722605682485292,-0.06630182124064933,0.5147932096221892,pathfollow_fftg001/N128s035a06727g001v17/x2.npz,9
17,0.6723315663308174,-0.06650182124064934,0.5151577495955654,pathfollow_fftg001/N128s035a06727g001v18/x2.npz,9
18,0.6724097563566765,-0.06670182124064934,0.5155130502470495,pathfollow_fftg001/N128s035a06727g001v19/x2.npz,9
19,0.6724947667952824,-0.06690182124064935,0.5158594006603944,pathfollow_fftg001/N128s035a06727g001v20/x2.npz,9
20,0.6725863159525881,-0.06710182124064935,0.5161970391114291,pathfollow_fftg001/N128s035a06727g001v21/x2.npz,9
21,0.6726842052021917,-0.06730182124064936,0.5165261557743959,pathfollow_fftg001/N128s035a06727g001v22/x2.npz,9
22,0.6727883097806783,-0.06750182124064937,0.5168468969888045,pathfollow_fftg001/N128s035a06727g001v23/x2.npz,9
23,0.6728985680598881,-0.06770182124064937,0.5171593705856695,pathfollow_fftg001/N128s035a06727g001v24/x2.npz,9
24,0.6730149701217393,-0.06790182124064938,0.5174636518083425,pathfollow_fftg001/N128s035a06727g001v25/x2.npz,9
25,0.6731375463273599,-0.06810182124064938,0.5177597894332768,pathfollow_fftg001/N128s035a06727g001v26/x2.npz,9
26,0.6732663564587553,-0.06830182124064939,0.5180478117403188,pathfollow_fftg001/N128s035a06727g001v27/x2.npz,9
27,0.6734014798377798,-0.0685018212406494,0.5183277320866981,pathfollow_fftg001/N128s035a06727g001v28/x2.npz,9
28,0.6735430067089556,-0.0687018212406494,0.5185995538910385,pathfollow_fftg001/N128s035a06727g001v29/x2.npz,9
29,0.6736910310265681,-0.0689018212406494,0.5188632749169649,pathfollow_fftg001/N128s035a06727g001v30/x2.npz,9
30,0.6738456446790694,-0.06910182124064941,0.5191188908070733,pathfollow_fftg001/N128s035a06727g001v31/x2.npz,9
31,0.6740069330929316,-0.06930182124064942,0.5193663978695363,pathfollow_fftg001/N128s035a06727g001v32/x2.npz,9
32,0.6741749720953297,-0.06950182124064942,0.5196057951597367,pathfollow_fftg001/N128s035a06727g001v33/x2.npz,9
33,0.6743498258660854,-0.06970182124064943,0.5198370859298472,pathfollow_fftg001/N128s035a06727g001v34/x2.npz,9
34,0.6745315458049931,-0.06990182124064943,0.5200602785293011,pathfollow_fftg001/N128s035a06727g001v35/x2.npz,9
35,0.6747201701147789,-0.07010182124064944,0.5202753868548162,pathfollow_fftg001/N128s035a06727g001v36/x2.npz,9
36,0.6749157239284062,-0.07030182124064945,0.5204824304401964,pathfollow_fftg001/N128s035a06727g001v37/x2.npz,9
37,0.675118219813931,-0.07050182124064945,0.5206814342759021,pathfollow_fftg001/N128s035a06727g001v38/x2.npz,9
38,0.6753276585181283,-0.07070182124064946,0.5208724284354804,pathfollow_fftg001/N128s035a06727g001v39/x2.npz,9
39,0.6755440298298565,-0.07090182124064946,0.5210554475778733,pathfollow_fftg001/N128s035a06727g001v40/x2.npz,9
40,0.6757673134699503,-0.07110182124064947,0.5212305303806353,pathfollow_fftg001/N128s035a06727g001v41/x2.npz,9
41,0.6759974799344348,-0.07130182124064947,0.521397718949166,pathfollow_fftg001/N128s035a06727g001v42/x2.npz,9
42,0.6762344912373601,-0.07150182124064948,0.5215570582362176,pathfollow_fftg001/N128s035a06727g001v43/x2.npz,9
43,0.676478301515549,-0.07170182124064949,0.5217085954968066,pathfollow_fftg001/N128s035a06727g001v44/x2.npz,9
44,0.6767288574706504,-0.07190182124064949,0.521852379795846,pathfollow_fftg001/N128s035a06727g001v45/x2.npz,9
45,0.676986098634543,-0.0721018212406495,0.5219884615799044,pathfollow_fftg001/N128s035a06727g001v46/x2.npz,9
46,0.6772499574497785,-0.0723018212406495,0.5221168923186387,pathfollow_fftg001/N128s035a06727g001v47/x2.npz,9
47,0.6775203591675664,-0.07250182124064951,0.5222377242187625,pathfollow_fftg001/N128s035a06727g001v48/x2.npz,9
48,0.6777972215623299,-0.07270182124064951,0.5223510100100075,pathfollow_fftg001/N128s035a06727g001v49/x2.npz,9
49,0.6780804544707796,-0.07290182124064952,0.5224568028006266,pathfollow_fftg001/N128s035a06727g001v50/x2.npz,9
50,0.6783699591621977,-0.07310182124064953,0.5225551559991106,pathfollow_fftg001/N128s035a06727g001v51/x2.npz,9
51,0.6786656275477998,-0.07330182124064953,0.5226461232982573,pathfollow_fftg001/N128s035a06727g001v52/x2.npz,9
52,0.6789673412390359,-0.07350182124064954,0.5227297587168316,pathfollow_fftg001/N128s035a06727g001v53/x2.npz,9
53,0.6792749704653794,-0.07370182124064954,0.5228061166948273,pathfollow_fftg001/N128s035a06727g001v54/x2.npz,9
54,0.6795883728642375,-0.07390182124064955,0.5228752522377996,pathfollow_fftg001/N128s035a06727g001v55/x2.npz,9
55,0.6799073921599527,-0.07410182124064955,0.5229372211056615,pathfollow_fftg001/N128s035a06727g001v56/x2.npz,9
56,0.6802318567531782,-0.07430182124064956,0.5229920800412171,pathfollow_fftg001/N128s035a06727g001v57/x2.npz,9
57,0.6805615782509556,-0.07450182124064957,0.5230398870325164,pathfollow_fftg001/N128s035a06727g001v58/x2.npz,9
58,0.6808963499791659,-0.07470182124064957,0.5230807016017129,pathfollow_fftg001/N128s035a06727g001v59/x2.npz,9
59,0.6812359455343128,-0.07490182124064958,0.5231145851096185,pathfollow_fftg001/N128s035a06727g001v60/x2.npz,9
60,0.6815801174596989,-0.07510182124064958,0.5231416010620215,pathfollow_fftg001/N128s035a06727g001v61/x2.npz,9
61,0.6819285961474598,-0.07530182124064959,0.523161815396069,pathfollow_fftg001/N128s035a06727g001v62/x2.npz,9
62,0.6822810891221336,-0.0755018212406496,0.5231752967174627,pathfollow_fftg001/N128s035a06727g001v63/x2.npz,9
63,0.6826372808947234,-0.0757018212406496,0.5231821164463478,pathfollow_fftg001/N128s035a06727g001v64/x2.npz,9
64,0.682996833638188,-0.0759018212406496,0.5231823488146918,pathfollow_fftg001/N128s035a06727g001v65/x2.npz,9
65,0.6833593889983951,-0.07610182124064961,0.5231760706375291,pathfollow_fftg001/N128s035a06727g001v66/x2.npz,9
66,0.6837245714184446,-0.07630182124064962,0.5231633607589982,pathfollow_fftg001/N128s035a06727g001v67/x2.npz,9
67,0.6840919934249846,-0.07650182124064962,0.5231442990441373,pathfollow_fftg001/N128s035a06727g001v68/x2.npz,9
68,0.6844612633684117,-0.07670182124064963,0.5231189647642691,pathfollow_fftg001/N128s035a06727g001v69/x2.npz,9
69,0.684831996130191,-0.07690182124064963,0.523087434197507,pathfollow_fftg001/N128s035a06727g001v70/x2.npz,9
70,0.6852038272708928,-0.07710182124064964,0.5230497772538805,pathfollow_fftg001/N128s035a06727g001v71/x2.npz,9
71,0.6855764309737886,-0.07730182124064965,0.523006052939534,pathfollow_fftg001/N128s035a06727g001v72/x2.npz,9
72,0.6859495419006432,-0.07750182124064965,0.5229563035146998,pathfollow_fftg001/N128s035a06727g001v73/x2.npz,9
73,0.6863229807120833,-0.07770182124064966,0.5229005472813792,pathfollow_fftg001/N128s035a06727g001v74/x2.npz,9
74,0.686696682487345,-0.07790182124064966,0.5228387700792865,pathfollow_fftg001/N128s035a06727g001v75/x2.npz,9
75,0.6870707266325885,-0.07810182124064967,0.5227709157762297,pathfollow_fftg001/N128s035a06727g001v76/x2.npz,9
76,0.6874453661439548,-0.07830182124064967,0.5226968763075236,pathfollow_fftg001/N128s035a06727g001v77/x2.npz,9
77,0.6878210533754665,-0.07850182124064968,0.5226164821325403,pathfollow_fftg001/N128s035a06727g001v78/x2.npz,9
78,0.6881984588871152,-0.07870182124064969,0.5225294942900259,pathfollow_fftg001/N128s035a06727g001v79/x2.npz,9
79,0.6885784796669105,-0.07890182124064969,0.522435599486922,pathfollow_fftg001/N128s035a06727g001v80/x2.npz,9
80,0.6889622332040408,-0.0791018212406497,0.5223344097590695,pathfollow_fftg001/N128s035a06727g001v81/x2.npz,9
81,0.6893510346844538,-0.0793018212406497,0.5222254681049964,pathfollow_fftg001/N128s035a06727g001v82/x2.npz,9
82,0.6897463560743954,-0.07950182124064971,0.5221082610325163,pathfollow_fftg001/N128s035a06727g001v83/x2.npz,9
83,0.6901497680269053,-0.07970182124064971,0.5219822381385303,pathfollow_fftg001/N128s035a06727g001v84/x2.npz,9
84,0.6905628681766819,-0.07990182124064972,0.52184683771971,pathfollow_fftg001/N128s035a06727g001v85/x2.npz,9
85,0.6909872020487121,-0.08010182124064973,0.5217015161599322,pathfollow_fftg001/N128s035a06727g001v86/x2.npz,9
86,0.6914241848684379,-0.08030182124064973,0.5215457777502089,pathfollow_fftg001/N128s035a06727g001v87/x2.npz,9
87,0.6918750333534012,-0.08050182124064974,0.5213792010079953,pathfollow_fftg001/N128s035a06727g001v88/x2.npz,9
88,0.6923407156291821,-0.08070182124064974,0.5212014577450935,pathfollow_fftg001/N128s035a06727g001v89/x2.npz,9
89,0.6928219247349902,-0.08090182124064975,0.5210123221533973,pathfollow_fftg001/N128s035a06727g001v90/x2.npz,9
90,0.6933190773266265,-0.08110182124064975,0.5208116688256622,pathfollow_fftg001/N128s035a06727g001v91/x2.npz,9
91,0.6938323350995715,-0.08130182124064976,0.520599460489568,pathfollow_fftg001/N128s035a06727g001v92/x2.npz,9
92,0.6943616431567358,-0.08150182124064977,0.5203757278070453,pathfollow_fftg001/N128s035a06727g001v93/x2.npz,9
93,0.6949067777400331,-0.08170182124064977,0.5201405445337924,pathfollow_fftg001/N128s035a06727g001v94/x2.npz,9
94,0.6954673955408055,-0.08190182124064978,0.5198940015309181,pathfollow_fftg001/N128s035a06727g001v95/x2.npz,9
95,0.6960430779263386,-0.08210182124064978,0.5196361826871346,pathfollow_fftg001/N128s035a06727g001v96/x2.npz,9
96,0.6966333652004958,-0.08230182124064979,0.5193671450343388,pathfollow_fftg001/N128s035a06727g001v97/x2.npz,9
97,0.697237777881427,-0.0825018212406498,0.5190869045068829,pathfollow_fftg001/N128s035a06727g001v98/x2.npz,9
98,0.6978558234653444,-0.0827018212406498,0.5187954281418201,pathfollow_fftg001/N128s035a06727g001v99/x2.npz,9
99,0.6984869880226112,-0.0829018212406498,0.5184926331644027,pathfollow_fftg001/N128s035a06727g001v100/x2.npz,9
100,0.6991307122734216,-0.08310182124064981,0.5181783934131629,pathfollow_fftg001/N128s035a06727g001v101/x2.npz,9
101,0.6997863516125531,-0.08330182124064982,0.5178525538793439,pathfollow_fftg001/N128s035a06727g001v102/x2.npz,9
102,0.7004531192265552,-0.08350182124064982,0.5175149547256901,pathfollow_fftg001/N128s035a06727g001v103/x2.npz,9
103,0.7011300113927403,-0.08370182124064983,0.5171654668630625,pathfollow_fftg001/N128s035a06727g001v104/x2.npz,9
104,0.7018157150382168,-0.08390182124064983,0.516804041727834,pathfollow_fftg001/N128s035a06727g001v105/x2.npz,9
105,0.7025085008366078,-0.08410182124064984,0.5164307777921945,pathfollow_fftg001/N128s035a06727g001v106/x2.npz,9
106,0.7032061122857627,-0.08430182124064985,0.5160460045345581,pathfollow_fftg001/N128s035a06727g001v107/x2.npz,9
107,0.7039056742150567,-0.08450182124064985,0.5156503795436951,pathfollow_fftg001/N128s035a06727g001v108/x2.npz,9
108,0.7046036634621128,-0.08470182124064986,0.5152449843858362,pathfollow_fftg001/N128s035a06727g001v109/x2.npz,9
109,0.7052960053476572,-0.08490182124064986,0.5148313894977778,pathfollow_fftg001/N128s035a06727g001v110/x2.npz,9
110,0.7059783671935593,-0.08510182124064987,0.5144116423926891,pathfollow_fftg001/N128s035a06727g001v111/x2.npz,9
111,0.7066466899025354,-0.08530182124064987,0.5139881294433514,pathfollow_fftg001/N128s035a06727g001v112/x2.npz,9
112,0.7072979124005525,-0.08550182124064988,0.5135632869804435,pathfollow_fftg001/N128s035a06727g001v113/x2.npz,9
113,0.7079307239527334,-0.08570182124064989,0.5131391972221496,pathfollow_fftg001/N128s035a06727g001v114/x2.npz,9
114,0.7085461022986882,-0.08590182124064989,0.5127171719484236,pathfollow_fftg001/N128s035a06727g001v115/x2.npz,9
115,0.7091474384343524,-0.0861018212406499,0.5122974526781363,pathfollow_fftg001/N128s035a06727g001v116/x2.npz,9
116,0.7097402030849069,-0.0863018212406499,0.5118791147716171,pathfollow_fftg001/N128s035a06727g001v117/x2.npz,9
117,0.7103312758066531,-0.08650182124064991,0.5114601821059706,pathfollow_fftg001/N128s035a06727g001v118/x2.npz,9
118,0.7109281410296223,-0.08670182124064992,0.5110378911624017,pathfollow_fftg001/N128s035a06727g001v119/x2.npz,9
119,0.711538142412111,-0.08690182124064992,0.5106090170173719,pathfollow_fftg001/N128s035a06727g001v120/x2.npz,9
120,0.7121679221743249,-0.08710182124064993,0.5101701824321533,pathfollow_fftg001/N128s035a06727g001v121/x2.npz,9
121,0.7128231002571264,-0.08730182124064993,0.5097180957460467,pathfollow_fftg001/N128s035a06727g001v122/x2.npz,9
122,0.7135081891682774,-0.08750182124064994,0.5092496902319428,pathfollow_fftg001/N128s035a06727g001v123/x2.npz,9
123,0.7142266985656457,-0.08770182124064994,0.5087621614568357,pathfollow_fftg001/N128s035a06727g001v124/x2.npz,9
124,0.7149813596504606,-0.08790182124064995,0.5082529177541539,pathfollow_fftg001/N128s035a06727g001v125/x2.npz,9
125,0.7157743931476948,-0.08810182124064996,0.507719470382294,pathfollow_fftg001/N128s035a06727g001v126/x2.npz,9
126,0.7166077521906543,-0.08830182124064996,0.5071592941376363,pathfollow_fftg001/N128s035a06727g001v127/x2.npz,9
127,0.7174832843911452,-0.08850182124064997,0.506569688519226,pathfollow_fftg001/N128s035a06727g001v128/x2.npz,9
128,0.7184027644214687,-0.08870182124064997,0.505947669480281,pathfollow_fftg001/N128s035a06727g001v129/x2.npz,9
129,0.7193677377792004,-0.08890182124064998,0.5052899304410252,pathfollow_fftg001/N128s035a06727g001v130/x2.npz,9
130,0.7203790772852281,-0.08910182124064998,0.5045929397611874,pathfollow_fftg001/N128s035a06727g001v131/x2.npz,9
131,0.7214360817818685,-0.08930182124064999,0.5038533043303864,pathfollow_fftg001/N128s035a06727g001v132/x2.npz,9
132,0.7225348690656611,-0.08950182124065,0.5030686323559612,pathfollow_fftg001/N128s035a06727g001v133/x2.npz,9
133,0.7236658823369577,-0.08970182124065,0.5022392185703398,pathfollow_fftg001/N128s035a06727g001v134/x2.npz,9
134,0.7248109847080669,-0.08990182124065,0.5013706804994332,pathfollow_fftg001/N128s035a06727g001v135/x2.npz,9
135,0.7259424488400706,-0.09010182124065001,0.5004765837209308,pathfollow_fftg001/N128s035a06727g001v136/x2.npz,9
136,0.7270280240810765,-0.09030182124065002,0.49957810247172396,pathfollow_fftg001/N128s035a06727g001v137/x2.npz,9
137,0.7280430354136181,-0.09050182124065002,0.498698011943901,pathfollow_fftg001/N128s035a06727g001v138/x2.npz,9
138,0.7289813612337751,-0.09070182124065003,0.49785199988577195,pathfollow_fftg001/N128s035a06727g001v139/x2.npz,9
139,0.7298561416874416,-0.09090182124065004,0.49704422129582415,pathfollow_fftg001/N128s035a06727g001v140/x2.npz,9
140,0.7306920726652996,-0.09110182124065004,0.49626900675324087,pathfollow_fftg001/N128s035a06727g001v141/x2.npz,9
141,0.7315169944343387,-0.09130182124065005,0.4955150997369489,pathfollow_fftg001/N128s035a06727g001v142/x2.npz,9
142,0.7323568675616968,-0.09150182124065005,0.49476913322868876,pathfollow_fftg001/N128s035a06727g001v143/x2.npz,9
143,0.7332340010228408,-0.09170182124065006,0.4940174850435414,pathfollow_fftg001/N128s035a06727g001v144/x2.npz,9
144,0.7341671804311131,-0.09190182124065006,0.49324687914227594,pathfollow_fftg001/N128s035a06727g001v145/x2.npz,9
145,0.7351726756443018,-0.09210182124065007,0.492444215494782,pathfollow_fftg001/N128s035a06727g001v146/x2.npz,9
146,0.7362655804801747,-0.09230182124065008,0.4915959177230852,pathfollow_fftg001/N128s035a06727g001v147/x2.npz,9
147,0.7374611886505563,-0.09250182124065008,0.49068692713251966,pathfollow_fftg001/N128s035a06727g001v148/x2.npz,9
148,0.7387761033027145,-0.09270182124065009,0.48969941986121646,pathfollow_fftg001/N128s035a06727g001v149/x2.npz,9
149,0.7402283027906367,-0.09290182124065009,0.48861152292248355,pathfollow_fftg001/N128s035a06727g001v150/x2.npz,9
150,0.7418332683585693,-0.0931018212406501,0.48739748839418245,pathfollow_fftg001/N128s035a06727g001v151/x3.npz,9
151,0.7435904286939545,-0.0933018212406501,0.4860341499482322,pathfollow_fftg001/N128s035a06727g001v152/x3.npz,9
152,0.7454451001794098,-0.09350182124065011,0.48452671089054233,pathfollow_fftg001/N128s035a06727g001v153/x3.npz,9
153,0.7472521068792695,-0.09370182124065012,0.4829525094555443,pathfollow_fftg001/N128s035a06727g001v154/x3.npz,9
154,0.748849638729462,-0.09390182124065012,0.48144299687004793,pathfollow_fftg001/N128s035a06727g001v155/x3.npz,9
155,0.7502029570138131,-0.09410182124065013,0.48007513097138604,pathfollow_fftg001/N128s035a06727g001v156/x3.npz,9
156,0.7513892325761371,-0.09430182124065013,0.47883991232516554,pathfollow_fftg001/N128s035a06727g001v157/x3.npz,9
157,0.7525067596570908,-0.09450182124065014,0.47769278027470496,pathfollow_fftg001/N128s035a06727g001v158/x2.npz,9
158,0.7536370945270864,-0.09470182124065014,0.47658556313710243,pathfollow_fftg001/N128s035a06727g001v159/x2.npz,9
159,0.7548463942292583,-0.09490182124065015,0.4754745377130833,pathfollow_fftg001/N128s035a06727g001v160/x2.npz,9
160,0.7561935490582642,-0.09510182124065016,0.47431616962222994,pathfollow_fftg001/N128s035a06727g001v161/x3.npz,9
161,0.7577422800791008,-0.09530182124065016,0.47306055404864783,pathfollow_fftg001/N128s035a06727g001v162/x3.npz,9
162,0.7595740649527332,-0.09550182124065017,0.47163968553987073,pathfollow_fftg001/N128s035a06727g001v163/x3.npz,9
163,0.7618100391875211,-0.09570182124065017,0.46994518714351463,pathfollow_fftg001/N128s035a06727g001v164/x3.npz,9
164,0.7646152030145891,-0.09590182124065018,0.46779961337878095,pathfollow_fftg001/N128s035a06727g001v165/x3.npz,9
165,0.7679469331880865,-0.09610182124065018,0.46508799988673083,pathfollow_fftg001/N128s035a06727g001v166/x3.npz,9
166,0.7709451901218708,-0.09630182124065019,0.4623554879845709,pathfollow_fftg001/N128s035a06727g001v167/x3.npz,9
167,0.7731568455612992,-0.0965018212406502,0.46014080872373603,pathfollow_fftg001/N128s035a06727g001v168/x3.npz,9
168,0.7749954018606888,-0.0967018212406502,0.4582836475198629,pathfollow_fftg001/N128s035a06727g001v169/x3.npz,9
169,0.7768318422554099,-0.09690182124065021,0.4565477302089849,pathfollow_fftg001/N128s035a06727g001v170/x3.npz,9
170,0.7789522804543297,-0.09710182124065021,0.45473588724466474,pathfollow_fftg001/N128s035a06727g001v171/x3.npz,9
171,0.7817563115696754,-0.09730182124065022,0.45257020878431536,pathfollow_fftg001/N128s035a06727g001v172/x3.npz,9
172,0.7865844045379825,-0.09750182124065022,0.4490895372367014,pathfollow_fftg001/N128s035a06727g001v173/x3.npz,9
0,0.8456414838371928,-0.02843273117344043,0.3287916539959654,pathfollow_fftg001_/N128s035a08450g001v1/x3.npz,10
1,0.8452650086149006,-0.028232731173440433,0.32860001532852484,pathfollow_fftg001_/N128s035a08450g001v2/x3.npz,10
2,0.8445891287983176,-0.028032731173440434,0.3284685660502595,pathfollow_fftg001_/N128s035a08450g001v3/x2.npz,10
3,0.8437628399811118,-0.027832731173440435,0.32836107334626125,pathfollow_fftg001_/N128s035a08450g001v4/x2.npz,10
4,0.842850587504588,-0.027632731173440436,0.32826196222446025,pathfollow_fftg001_/N128s035a08450g001v5/x2.npz,10
5,0.841886652166292,-0.027432731173440437,0.3281630702213906,pathfollow_fftg001_/N128s035a08450g001v6/x2.npz,10
6,0.8408938176263532,-0.02723273117344044,0.3280589309422293,pathfollow_fftg001_/N128s035a08450g001v7/x2.npz,10
7,0.8398905209612033,-0.02703273117344044,0.3279448865629126,pathfollow_fftg001_/N128s035a08450g001v8/x2.npz,10
8,0.8388948760577041,-0.02683273117344044,0.3278158349955056,pathfollow_fftg001_/N128s035a08450g001v9/x2.npz,10
9,0.8379275987081389,-0.026632731173440442,0.32766513954813825,pathfollow_fftg001_/N128s035a08450g001v10/x2.npz,10
10,0.8370147707254941,-0.026432731173440444,0.32748351734151565,pathfollow_fftg001_/N128s035a08450g001v11/x2.npz,10
11,0.836191291350649,-0.026232731173440445,0.32725772086322114,pathfollow_fftg001_/N128s035a08450g001v12/x2.npz,10
12,0.8355064289045794,-0.026032731173440446,0.32696859917632304,pathfollow_fftg001_/N128s035a08450g001v13/x2.npz,10
13,0.8350342000911034,-0.025832731173440447,0.3265876647222443,pathfollow_fftg001_/N128s035a08450g001v14/x2.npz,10
14,0.8348935071675778,-0.02563273117344045,0.3260706737300202,pathfollow_fftg001_/N128s035a08450g001v15/x2.npz,10
15,0.8352826769450493,-0.02543273117344045,0.32534762989569155,pathfollow_fftg001_/N128s035a08450g001v16/x3.npz,10
16,0.836498269953719,-0.02523273117344045,0.3243220429087792,pathfollow_fftg001_/N128s035a08450g001v17/x3.npz,10
17,0.8387877313035536,-0.025032731173440452,0.3229337841342655,pathfollow_fftg001_/N128s035a08450g001v18/x3.npz,10
18,0.8422672331917465,-0.024832731173440453,0.3211958120575238,pathfollow_fftg001_/N128s035a08450g001v19/x3.npz,10
19,0.846880400575633,-0.024632731173440454,0.3192426146082943,pathfollow_fftg001_/N128s035a08450g001v20/x3.npz,10
20,0.8498113963723096,-0.024432731173440456,0.3179891588741906,pathfollow_fftg001_/N128s035a08450g001v21/x3.npz,10
21,0.8506524627557766,-0.024232731173440457,0.3173961623763381,pathfollow_fftg001_/N128s035a08450g001v22/x3.npz,10
22,0.8506257198860364,-0.024032731173440458,0.3170473150429784,pathfollow_fftg001_/N128s035a08450g001v23/x3.npz,10
23,0.8502160952229735,-0.02383273117344046,0.31679319998765604,pathfollow_fftg001_/N128s035a08450g001v24/x2.npz,10
24,0.8496179020174023,-0.02363273117344046,0.316576120380875,pathfollow_fftg001_/N128s035a08450g001v25/x2.npz,10
25,0.8489290798441173,-0.02343273117344046,0.31636726574492163,pathfollow_fftg001_/N128s035a08450g001v26/x2.npz,10
26,0.8482075818544235,-0.023232731173440463,0.3161494042971762,pathfollow_fftg001_/N128s035a08450g001v27/x2.npz,10
27,0.8474956415402531,-0.023032731173440464,0.3159094377450933,pathfollow_fftg001_/N128s035a08450g001v28/x2.npz,10
28,0.8468319797304485,-0.022832731173440465,0.3156345924466794,pathfollow_fftg001_/N128s035a08450g001v29/x2.npz,10
29,0.8462622758865729,-0.022632731173440467,0.3153090484052281,pathfollow_fftg001_/N128s035a08450g001v30/x2.npz,10
30,0.8458525809015836,-0.022432731173440468,0.3149096037674273,pathfollow_fftg001_/N128s035a08450g001v31/x2.npz,10
31,0.8457104237905639,-0.02223273117344047,0.31439895281204633,pathfollow_fftg001_/N128s035a08450g001v32/x2.npz,10
32,0.8460235107980368,-0.02203273117344047,0.3137139481124029,pathfollow_fftg001_/N128s035a08450g001v33/x3.npz,10
33,0.8471343070275099,-0.02183273117344047,0.31274486093292037,pathfollow_fftg001_/N128s035a08450g001v34/x3.npz,10
34,0.8497033250428655,-0.021632731173440473,0.31129848626244666,pathfollow_fftg001_/N128s035a08450g001v35/x3.npz,10
35,0.8546610695527428,-0.021432731173440474,0.30917630939694396,pathfollow_fftg001_/N128s035a08450g001v36/x3.npz,10
36,0.8585726362979351,-0.021232731173440475,0.30757252216137376,pathfollow_fftg001_/N128s035a08450g001v37/x3.npz,10
37,0.8595928667113288,-0.021032731173440476,0.3068886312304055,pathfollow_fftg001_/N128s035a08450g001v38/x3.npz,10
38,0.8596118701357792,-0.020832731173440477,0.3064858981102836,pathfollow_fftg001_/N128s035a08450g001v39/x3.npz,10
39,0.8592786205875509,-0.02063273117344048,0.30616330123829166,pathfollow_fftg001_/N128s035a08450g001v40/x2.npz,10
40,0.8588410694531475,-0.02043273117344048,0.30584506667752565,pathfollow_fftg001_/N128s035a08450g001v41/x2.npz,10
41,0.8584428334424716,-0.02023273117344048,0.3054858852561466,pathfollow_fftg001_/N128s035a08450g001v42/x2.npz,10
42,0.8582198315076134,-0.020032731173440482,0.3050410333084331,pathfollow_fftg001_/N128s035a08450g001v43/x2.npz,10
43,0.8583867409102065,-0.019832731173440483,0.3044409513349292,pathfollow_fftg001_/N128s035a08450g001v44/x3.npz,10
44,0.859399272219908,-0.019632731173440485,0.3035463087427265,pathfollow_fftg001_/N128s035a08450g001v45/x3.npz,10
45,0.8624949160751859,-0.019432731173440486,0.3020179569751793,pathfollow_fftg001_/N128s035a08450g001v46/x3.npz,10
46,0.867525769642161,-0.019232731173440487,0.3001068517825096,pathfollow_fftg001_/N128s035a08450g001v47/x3.npz,10
47,0.8690597246291298,-0.01903273117344049,0.2993234933729296,pathfollow_fftg001_/N128s035a08450g001v48/x3.npz,10
48,0.8691398141462059,-0.01883273117344049,0.29893243600924657,pathfollow_fftg001_/N128s035a08450g001v49/x3.npz,10
49,0.8688023469838977,-0.01863273117344049,0.2986324338614614,pathfollow_fftg001_/N128s035a08450g001v50/x2.npz,10
50,0.8683842069759248,-0.018432731173440492,0.2983304100582364,pathfollow_fftg001_/N128s035a08450g001v51/x2.npz,10
51,0.8680635328184033,-0.018232731173440493,0.29797817384074293,pathfollow_fftg001_/N128s035a08450g001v52/x2.npz,10
52,0.8679775686094786,-0.018032731173440494,0.29753872789242386,pathfollow_fftg001_/N128s035a08450g001v53/x3.npz,10
53,0.8682777268141533,-0.017832731173440496,0.2969720091030657,pathfollow_fftg001_/N128s035a08450g001v54/x3.npz,10
54,0.8691538247020433,-0.017632731173440497,0.296232123047625,pathfollow_fftg001_/N128s035a08450g001v55/x3.npz,10
55,0.870686509094152,-0.017432731173440498,0.29531992579627275,pathfollow_fftg001_/N128s035a08450g001v56/x3.npz,10
56,0.8721806259224981,-0.0172327311734405,0.29446544733868324,pathfollow_fftg001_/N128s035a08450g001v57/x3.npz,10
57,0.8727472112312354,-0.0170327311734405,0.2938990145868146,pathfollow_fftg001_/N128s035a08450g001v58/x3.npz,10
58,0.8726183091678091,-0.0168327311734405,0.2935139558593686,pathfollow_fftg001_/N128s035a08450g001v59/x3.npz,10
59,0.8722537098524666,-0.016632731173440503,0.2931625244174232,pathfollow_fftg001_/N128s035a08450g001v60/x3.npz,10
60,0.8719840493466744,-0.016432731173440504,0.29274384883403276,pathfollow_fftg001_/N128s035a08450g001v61/x3.npz,10
61,0.8721229925667894,-0.016232731173440505,0.2921638851525457,pathfollow_fftg001_/N128s035a08450g001v62/x3.npz,10
62,0.8731700553010416,-0.016032731173440506,0.2912769777985253,pathfollow_fftg001_/N128s035a08450g001v63/x3.npz,10
63,0.8762764103928873,-0.015832731173440508,0.2897724666070257,pathfollow_fftg001_/N128s035a08450g001v64/x3.npz,10
64,0.8797323885459735,-0.01563273117344051,0.288311733120814,pathfollow_fftg001_/N128s035a08450g001v65/x3.npz,10
65,0.8803618385460107,-0.015432731173440508,0.28773968991444776,pathfollow_fftg001_/N128s035a08450g001v66/x3.npz,10
66,0.8802638034353816,-0.015232731173440508,0.287349904319784,pathfollow_fftg001_/N128s035a08450g001v67/x3.npz,10
67,0.8802927105984689,-0.015032731173440507,0.286880844767927,pathfollow_fftg001_/N128s035a08450g001v68/x3.npz,10
68,0.8810108677688181,-0.014832731173440507,0.28616178692400784,pathfollow_fftg001_/N128s035a08450g001v69/x3.npz,10
69,0.8829766563220156,-0.014632731173440506,0.2850423477220717,pathfollow_fftg001_/N128s035a08450g001v70/x3.npz,10
70,0.8852108822723246,-0.014432731173440506,0.2839052243191014,pathfollow_fftg001_/N128s035a08450g001v71/x3.npz,10
71,0.8861461710268909,-0.014232731173440505,0.2831980586834559,pathfollow_fftg001_/N128s035a08450g001v72/x3.npz,10
72,0.886740970614729,-0.014032731173440505,0.28258145201992996,pathfollow_fftg001_/N128s035a08450g001v73/x3.npz,10
73,0.8878033735132543,-0.013832731173440504,0.2818415026121299,pathfollow_fftg001_/N128s035a08450g001v74/x3.npz,10
74,0.8892133363973206,-0.013632731173440504,0.2810534119936946,pathfollow_fftg001_/N128s035a08450g001v75/x3.npz,10
75,0.8900164208221116,-0.013432731173440503,0.2804604234182637,pathfollow_fftg001_/N128s035a08450g001v76/x3.npz,10
76,0.8900586380794866,-0.013232731173440503,0.2800493042912767,pathfollow_fftg001_/N128s035a08450g001v77/x3.npz,10
77,0.8898984641578573,-0.013032731173440502,0.2796445529171667,pathfollow_fftg001_/N128s035a08450g001v78/x2.npz,10
78,0.8902801499725592,-0.012832731173440502,0.2790424130061364,pathfollow_fftg001_/N128s035a08450g001v79/x3.npz,10
79,0.8920932193331769,-0.012632731173440501,0.27803995809109056,pathfollow_fftg001_/N128s035a08450g001v80/x3.npz,10
80,0.8941042125283217,-0.0124327311734405,0.2770607390505222,pathfollow_fftg001_/N128s035a08450g001v81/x3.npz,10
81,0.89479794307308,-0.0122327311734405,0.27645052463448927,pathfollow_fftg001_/N128s035a08450g001v82/x3.npz,10
82,0.8953416508490187,-0.0120327311734405,0.2758505015649674,pathfollow_fftg001_/N128s035a08450g001v83/x3.npz,10
83,0.8963564071710863,-0.011832731173440499,0.27512383836711746,pathfollow_fftg001_/N128s035a08450g001v84/x3.npz,10
84,0.8973277353737369,-0.011632731173440498,0.27444278654905596,pathfollow_fftg001_/N128s035a08450g001v85/x3.npz,10
85,0.8978752911177286,-0.011432731173440498,0.2738725539006174,pathfollow_fftg001_/N128s035a08450g001v86/x2.npz,10
86,0.898681163260303,-0.011232731173440497,0.27320362264387454,pathfollow_fftg001_/N128s035a08450g001v87/x3.npz,10
87,0.8999783127384581,-0.011032731173440497,0.2724017426109699,pathfollow_fftg001_/N128s035a08450g001v88/x3.npz,10
88,0.9009046392959873,-0.010832731173440496,0.27172063990506323,pathfollow_fftg001_/N128s035a08450g001v89/x3.npz,10
89,0.9016633612373872,-0.010632731173440496,0.2710872113799972,pathfollow_fftg001_/N128s035a08450g001v90/x2.npz,10
90,0.9025145507282557,-0.010432731173440495,0.2704320314604875,pathfollow_fftg001_/N128s035a08450g001v91/x2.npz,10
91,0.9032514288569057,-0.010232731173440495,0.26978729900420834,pathfollow_fftg001_/N128s035a08450g001v92/x2.npz,10
92,0.9044232348354878,-0.010032731173440494,0.26901225368701687,pathfollow_fftg001_/N128s035a08450g001v93/x3.npz,10
93,0.9056319386031254,-0.009832731173440494,0.26826812341025924,pathfollow_fftg001_/N128s035a08450g001v94/x3.npz,10
94,0.9062654917406557,-0.009632731173440493,0.2676702653748128,pathfollow_fftg001_/N128s035a08450g001v95/x2.npz,10
95,0.9074454621282625,-0.009432731173440493,0.26691246315883754,pathfollow_fftg001_/N128s035a08450g001v96/x3.npz,10
96,0.9084949292955526,-0.009232731173440492,0.26622182348534357,pathfollow_fftg001_/N128s035a08450g001v97/x2.npz,10
97,0.9090287931304699,-0.009032731173440492,0.2656461375785399,pathfollow_fftg001_/N128s035a08450g001v98/x2.npz,10
98,0.9101573160165515,-0.008832731173440491,0.26489270494027717,pathfollow_fftg001_/N128s035a08450g001v99/x2.npz,10
99,0.9113207081332523,-0.00863273117344049,0.26414599031714125,pathfollow_fftg001_/N128s035a08450g001v100/x2.npz,10
100,0.9123932511180418,-0.00843273117344049,0.26342817758158743,pathfollow_fftg001_/N128s035a08450g001v101/x2.npz,10
101,0.9135673797224929,-0.00823273117344049,0.26269406235078213,pathfollow_fftg001_/N128s035a08450g001v102/x2.npz,10
102,0.9145963310273447,-0.008032731173440489,0.26200200973968807,pathfollow_fftg001_/N128s035a08450g001v103/x2.npz,10
103,0.9155483423981123,-0.007832731173440488,0.2613259500037243,pathfollow_fftg001_/N128s035a08450g001v104/x2.npz,10
104,0.9166081811689747,-0.007632731173440489,0.26061419325886886,pathfollow_fftg001_/N128s035a08450g001v105/x2.npz,10
105,0.9178177795021928,-0.007432731173440489,0.25987254128209336,pathfollow_fftg001_/N128s035a08450g001v106/x2.npz,10
106,0.9189143111319725,-0.0072327311734404895,0.25916698620980283,pathfollow_fftg001_/N128s035a08450g001v107/x2.npz,10
107,0.9200064679994215,-0.00703273117344049,0.25846162986758736,pathfollow_fftg001_/N128s035a08450g001v108/x2.npz,10
108,0.9211090178990465,-0.00683273117344049,0.2577612080597024,pathfollow_fftg001_/N128s035a08450g001v109/x2.npz,10
109,0.9221663078263744,-0.0066327311734404905,0.2570682438520686,pathfollow_fftg001_/N128s035a08450g001v110/x2.npz,10
110,0.9232807826186631,-0.006432731173440491,0.25635863866310793,pathfollow_fftg001_/N128s035a08450g001v111/x2.npz,10
111,0.9243900928464304,-0.006232731173440491,0.25565777486638114,pathfollow_fftg001_/N128s035a08450g001v112/x2.npz,10
112,0.9255011589066557,-0.0060327311734404915,0.25495826079031764,pathfollow_fftg001_/N128s035a08450g001v113/x2.npz,10
113,0.9266669602436927,-0.005832731173440492,0.2542441251622931,pathfollow_fftg001_/N128s035a08450g001v114/x2.npz,10
114,0.9278408885938141,-0.005632731173440492,0.2535351958983884,pathfollow_fftg001_/N128s035a08450g001v115/x2.npz,10
115,0.9289085628846172,-0.0054327311734404925,0.25285660294158774,pathfollow_fftg001_/N128s035a08450g001v116/x2.npz,10
116,0.9299744235962376,-0.005232731173440493,0.25217325552882214,pathfollow_fftg001_/N128s035a08450g001v117/x2.npz,10
117,0.9311376653432794,-0.005032731173440493,0.2514650998718666,pathfollow_fftg001_/N128s035a08450g001v118/x2.npz,10
118,0.9323235488349333,-0.004832731173440494,0.2507573521603485,pathfollow_fftg001_/N128s035a08450g001v119/x2.npz,10
119,0.9334786868548115,-0.004632731173440494,0.25006017102572475,pathfollow_fftg001_/N128s035a08450g001v120/x2.npz,10
120,0.9346380116396212,-0.004432731173440494,0.2493617776093896,pathfollow_fftg001_/N128s035a08450g001v121/x2.npz,10
121,0.9358237365071451,-0.004232731173440495,0.24865853542663002,pathfollow_fftg001_/N128s035a08450g001v122/x2.npz,10
122,0.93701934275512,-0.004032731173440495,0.24795510130022283,pathfollow_fftg001_/N128s035a08450g001v123/x2.npz,10
123,0.9382202374698991,-0.003832731173440495,0.24725130048861307,pathfollow_fftg001_/N128s035a08450g001v124/x2.npz,10
124,0.9394441767631547,-0.0036327311734404948,0.2465432340805603,pathfollow_fftg001_/N128s035a08450g001v125/x2.npz,10
125,0.9407013345718647,-0.0034327311734404947,0.24582984295968477,pathfollow_fftg001_/N128s035a08450g001v126/x2.npz,10
126,0.9419760973257475,-0.0032327311734404946,0.24511533294912888,pathfollow_fftg001_/N128s035a08450g001v127/x2.npz,10
127,0.9432523952189547,-0.0030327311734404945,0.24440274155898067,pathfollow_fftg001_/N128s035a08450g001v128/x2.npz,10
128,0.9445409861900305,-0.0028327311734404944,0.2436889733655002,pathfollow_fftg001_/N128s035a08450g001v129/x2.npz,10
129,0.9458566617069863,-0.0026327311734404943,0.24297133576443405,pathfollow_fftg001_/N128s035a08450g001v130/x2.npz,10
130,0.9471956140987728,-0.002432731173440494,0.24225162869573164,pathfollow_fftg001_/N128s035a08450g001v131/x2.npz,10
131,0.948545339388201,-0.002232731173440494,0.24153279237062728,pathfollow_fftg001_/N128s035a08450g001v132/x2.npz,10
132,0.9499009107937272,-0.002032731173440494,0.24081558848037068,pathfollow_fftg001_/N128s035a08450g001v133/x2.npz,10
133,0.9512662855978242,-0.001832731173440494,0.24009901043821774,pathfollow_fftg001_/N128s035a08450g001v134/x2.npz,10
134,0.9526455585452552,-0.0016327311734404939,0.23938231125319848,pathfollow_fftg001_/N128s035a08450g001v135/x2.npz,10
135,0.9540379661209635,-0.0014327311734404938,0.23866580153622957,pathfollow_fftg001_/N128s035a08450g001v136/x2.npz,10
136,0.9554409826337368,-0.0012327311734404937,0.2379499829987726,pathfollow_fftg001_/N128s035a08450g001v137/x2.npz,10
137,0.9568547880282398,-0.0010327311734404936,0.23723464740162234,pathfollow_fftg001_/N128s035a08450g001v138/x2.npz,10
138,0.9582826333638881,-0.0008327311734404936,0.23651895397760972,pathfollow_fftg001_/N128s035a08450g001v139/x2.npz,10
139,0.9597285082250858,-0.0006327311734404936,0.23580199497762097,pathfollow_fftg001_/N128s035a08450g001v140/x2.npz,10
140,0.9611956739809839,-0.00043273117344049363,0.23508307723016025,pathfollow_fftg001_/N128s035a08450g001v141/x2.npz,10
141,0.9626869552352275,-0.00023273117344049362,0.2343616205110299,pathfollow_fftg001_/N128s035a08450g001v142/x2.npz,10
142,0.9642055338786762,-3.273117344049361e-05,0.23363698923497425,pathfollow_fftg001_/N128s035a08450g001v143/x2.npz,10
143,0.9657551924257426,0.0001672688265595064,0.23290846452513533,pathfollow_fftg001_/N128s035a08450g001v144/x2.npz,10
144,0.9673400032384731,0.0003672688265595064,0.2321753255982486,pathfollow_fftg001_/N128s035a08450g001v145/x2.npz,10
145,0.9689639649501696,0.0005672688265595064,0.2314369238733858,pathfollow_fftg001_/N128s035a08450g001v146/x2.npz,10
146,0.9706309043419546,0.0007672688265595064,0.23069269182481317,pathfollow_fftg001_/N128s035a08450g001v147/x2.npz,10
147,0.9723446001347099,0.0009672688265595064,0.22994210779487584,pathfollow_fftg001_/N128s035a08450g001v148/x2.npz,10
148,0.974108914948394,0.0011672688265595063,0.22918466638804572,pathfollow_fftg001_/N128s035a08450g001v149/x2.npz,10
149,0.9759277656883574,0.0013672688265595064,0.22841988822252624,pathfollow_fftg001_/N128s035a08450g001v150/x2.npz,10
150,0.977804873706764,0.0015672688265595065,0.2276473783242589,pathfollow_fftg001_/N128s035a08450g001v151/x2.npz,10
151,0.9797433204625308,0.0017672688265595066,0.22686692644185674,pathfollow_fftg001_/N128s035a08450g001v152/x2.npz,10
152,0.9817450381045446,0.0019672688265595065,0.22607862141678356,pathfollow_fftg001_/N128s035a08450g001v153/x2.npz,10
153,0.9838105343408063,0.0021672688265595066,0.22528291670769496,pathfollow_fftg001_/N128s035a08450g001v154/x2.npz,10
154,0.985939127379294,0.0023672688265595067,0.22448059335089088,pathfollow_fftg001_/N128s035a08450g001v155/x2.npz,10
155,0.9881293653492673,0.0025672688265595068,0.22367269048063118,pathfollow_fftg001_/N128s035a08450g001v156/x2.npz,10
156,0.9903788071694111,0.002767268826559507,0.22286055057803794,pathfollow_fftg001_/N128s035a08450g001v157/x2.npz,10
157,0.9926840128875026,0.002967268826559507,0.2220457622559632,pathfollow_fftg001_/N128s035a08450g001v158/x2.npz,10
158,0.9950445851704569,0.003167268826559507,0.22122925345946032,pathfollow_fftg001_/N128s035a08450g001v159/x2.npz,10
159,0.9974739657333219,0.003367268826559507,0.22040915806078734,pathfollow_fftg001_/N128s035a08450g001v160/x2.npz,10
160,1.0000282018333473,0.003567268826559507,0.21957571383329225,pathfollow_fftg001_/N128s035a08450g001v161/x2.npz,10
161,1.0026660316924336,0.0037672688265595073,0.21874211077307779,pathfollow_fftg001_/N128s035a08450g001v162/x3.npz,10
162,1.0052469431986817,0.003967268826559507,0.21793103550419893,pathfollow_fftg001_/N128s035a08450g001v163/x2.npz,10
163,1.0078830666650154,0.004167268826559507,0.21712183702012114,pathfollow_fftg001_/N128s035a08450g001v164/x2.npz,10
164,1.0107275552462156,0.004367268826559506,0.21628624822160525,pathfollow_fftg001_/N128s035a08450g001v165/x2.npz,10
165,1.0140934092779164,0.004567268826559506,0.21537007784702308,pathfollow_fftg001_/N128s035a08450g001v166/x3.npz,10
166,1.019067488243066,0.004767268826559506,0.21419597485704464,pathfollow_fftg001_/N128s035a08450g001v167/x4.npz,10
0,1.0201,0.0047862282488509164,0.21397631473716722,pathfollow_fftg001_/N128s035a10201g001/x2.npz,11
1,1.0211000000000001,0.00479393845821234,0.21378688833271445,pathfollow_fftg001_/N128s035a10211g001/x2.npz,11
2,1.0221,0.0047877404363518925,0.21361682723558373,pathfollow_fftg001_/N128s035a10221g001/x2.npz,11
3,1.0231,0.004758664609556963,0.2134774320422657,pathfollow_fftg001_/N128s035a10231g001/x2.npz,11
4,1.0241,0.004644608881408786,0.21344544496210613,pathfollow_fftg001_/N128s035a10241g001/x4.npz,11
0,0.7876,-0.09752611816161971,0.44835959479502163,pathfollow_fftg001_/N128s035a07876g001/x2.npz,12
1,0.7886,-0.09754555068439262,0.4476342019256777,pathfollow_fftg001_/N128s035a07886g001/x2.npz,12
2,0.7896,-0.09756125389615039,0.44689931963492,pathfollow_fftg001_/N128s035a07896g001/x2.npz,12
3,0.7906,-0.09757405309605571,0.4461522887363381,pathfollow_fftg001_/N128s035a07906g001/x2.npz,12
4,0.7916,-0.0975849062700717,0.44539049755522586,pathfollow_fftg001_/N128s035a07916g001/x2.npz,12
5,0.7926,-0.097594952097233,0.4446113703446049,pathfollow_fftg001_/N128s035a07926g001/x2.npz,12
6,0.7936,-0.09760554800066697,0.44381248244290633,pathfollow_fftg001_/N128s035a07936g001/x2.npz,12
7,0.7946,-0.09761826747811901,0.44299191202820565,pathfollow_fftg001_/N128s035a07946g001/x2.npz,12
8,0.7956,-0.09763480446557807,0.4421489442129229,pathfollow_fftg001_/N128s035a07956g001/x2.npz,12
9,0.7966,-0.09765672133965383,0.44128514042015765,pathfollow_fftg001_/N128s035a07966g001/x2.npz,12
10,0.7976,-0.09768501778474212,0.4404054715360626,pathfollow_fftg001_/N128s035a07976g001/x2.npz,12
11,0.7986,-0.09771963671322263,0.43951874529865664,pathfollow_fftg001_/N128s035a07986g001/x2.npz,12
12,0.7996,-0.09775920177010282,0.43863645931046547,pathfollow_fftg001_/N128s035a07996g001/x2.npz,12
13,0.8006,-0.09780125698614683,0.43777012899259027,pathfollow_fftg001_/N128s035a08006g001/x2.npz,12
14,0.8016,-0.09784292904970132,0.43692849686588414,pathfollow_fftg001_/N128s035a08016g001/x2.npz,12
15,0.8026,-0.09788160980514887,0.43611615660584974,pathfollow_fftg001_/N128s035a08026g001/x2.npz,12
16,0.8036,-0.09791533376994208,0.4353338571001086,pathfollow_fftg001_/N128s035a08036g001/x2.npz,12
17,0.8046,-0.0979428263669212,0.4345796872278425,pathfollow_fftg001_/N128s035a08046g001/x2.npz,12
18,0.8056,-0.09796337292401,0.4338503014866524,pathfollow_fftg001_/N128s035a08056g001/x2.npz,12
19,0.8066,-0.09797664809441889,0.4331418054669818,pathfollow_fftg001_/N128s035a08066g001/x2.npz,12
20,0.8076,-0.09798257294961284,0.43245027697894,pathfollow_fftg001_/N128s035a08076g001/x2.npz,12
21,0.8086,-0.09798121488374462,0.43177202688096783,pathfollow_fftg001_/N128s035a08086g001/x2.npz,12
22,0.8096,-0.09797272406531198,0.43110370522699704,pathfollow_fftg001_/N128s035a08096g001/x2.npz,12
23,0.8106,-0.09795729595384457,0.4304423249565677,pathfollow_fftg001_/N128s035a08106g001/x2.npz,12
24,0.8116,-0.09793515118012545,0.429785244515073,pathfollow_fftg001_/N128s035a08116g001/x2.npz,12
25,0.8126,-0.097906527071286,0.4291301306054476,pathfollow_fftg001_/N128s035a08126g001/x2.npz,12
26,0.8136,-0.09787167754429911,0.4284749109619555,pathfollow_fftg001_/N128s035a08136g001/x2.npz,12
27,0.8146,-0.09783087978066404,0.42781772171826365,pathfollow_fftg001_/N128s035a08146g001/x2.npz,12
28,0.8156,-0.0977844470922381,0.4271568525877163,pathfollow_fftg001_/N128s035a08156g001/x2.npz,12
29,0.8166,-0.09773274773003475,0.42649069405011886,pathfollow_fftg001_/N128s035a08166g001/x2.npz,12
30,0.8176,-0.0976762291233934,0.4258176934477119,pathfollow_fftg001_/N128s035a08176g001/x2.npz,12
31,0.8186,-0.09761544602783524,0.42513633055805533,pathfollow_fftg001_/N128s035a08186g001/x2.npz,12
32,0.8196,-0.0975510891183588,0.42444512729012596,pathfollow_fftg001_/N128s035a08196g001/x2.npz,12
33,0.8206,-0.09748400739443709,0.42374270958399535,pathfollow_fftg001_/N128s035a08206g001/x2.npz,12
34,0.8216,-0.0974152132536373,0.42302794008973826,pathfollow_fftg001_/N128s035a08216g001/x2.npz,12
35,0.8226,-0.09734585390916724,0.4223001333177228,pathfollow_fftg001_/N128s035a08226g001/x2.npz,12
36,0.8236,-0.09727712964714293,0.42155934376101306,pathfollow_fftg001_/N128s035a08236g001/x2.npz,12
37,0.8246,-0.09721014416023627,0.4208066759567702,pathfollow_fftg001_/N128s035a08246g001/x2.npz,12
38,0.8256,-0.09714569277656339,0.4200445090297545,pathfollow_fftg001_/N128s035a08256g001/x2.npz,12
39,0.8266,-0.09708403279262132,0.41927648923748034,pathfollow_fftg001_/N128s035a08266g001/x2.npz,12
40,0.8276,-0.09702471876668546,0.4185071794227954,pathfollow_fftg001_/N128s035a08276g001/x2.npz,12
41,0.8286,-0.09696658688589158,0.41774139454534587,pathfollow_fftg001_/N128s035a08286g001/x2.npz,12
42,0.8296,-0.09690791318417448,0.416983429074453,pathfollow_fftg001_/N128s035a08296g001/x2.npz,12
43,0.8306,-0.09684668357462164,0.41623645233571516,pathfollow_fftg001_/N128s035a08306g001/x2.npz,12
44,0.8316,-0.09678086768257876,0.4155022456509118,pathfollow_fftg001_/N128s035a08316g001/x2.npz,12
45,0.8326,-0.09670861247106936,0.414781273221286,pathfollow_fftg001_/N128s035a08326g001/x2.npz,12
46,0.8336,-0.09662833086798685,0.41407295704125036,pathfollow_fftg001_/N128s035a08336g001/x2.npz,12
47,0.8346,-0.09653870638613261,0.413376012434918,pathfollow_fftg001_/N128s035a08346g001/x2.npz,12
48,0.8356,-0.09643864948880912,0.41268875092443674,pathfollow_fftg001_/N128s035a08356g001/x2.npz,12
49,0.8366,-0.09632723523317253,0.4120093135048015,pathfollow_fftg001_/N128s035a08366g001/x2.npz,12
50,0.8376,-0.09620363958072262,0.41133583330065626,pathfollow_fftg001_/N128s035a08376g001/x2.npz,12
51,0.8386,-0.09606708201452968,0.4106665417396103,pathfollow_fftg001_/N128s035a08386g001/x2.npz,12
52,0.8396,-0.09591677670440772,0.409999835510206,pathfollow_fftg001_/N128s035a08396g001/x2.npz,12
53,0.8406,-0.0957518926154504,0.4093343205975541,pathfollow_fftg001_/N128s035a08406g001/x2.npz,12
54,0.8416,-0.09557152337408743,0.4086688496225839,pathfollow_fftg001_/N128s035a08416g001/x2.npz,12
55,0.8426,-0.09537466898973014,0.40800257237834414,pathfollow_fftg001_/N128s035a08426g001/x2.npz,12
56,0.8436,-0.09516023108039809,0.40733502718988757,pathfollow_fftg001_/N128s035a08436g001/x2.npz,12
57,0.8446,-0.09492701466943694,0.40666630670168996,pathfollow_fftg001_/N128s035a08446g001/x2.npz,12
58,0.8456,-0.09467370015185413,0.4059973162939471,pathfollow_fftg001_/N128s035a08456g001/x2.npz,12
59,0.8466,-0.09439868588285202,0.40533007719568315,pathfollow_fftg001_/N128s035a08466g001/x2.npz,12
60,0.8476,-0.09409962359289814,0.4046679256870102,pathfollow_fftg001_/N128s035a08476g001/x2.npz,12
61,0.8486,-0.09377246144012046,0.40401547998538057,pathfollow_fftg001_/N128s035a08486g001/x2.npz,12
62,0.8496,-0.09340994670979526,0.4033786120482357,pathfollow_fftg001_/N128s035a08496g001/x3.npz,12
63,0.8506,-0.09300054210384147,0.40276544655762125,pathfollow_fftg001_/N128s035a08506g001/x3.npz,12
64,0.8516,-0.09252948636251439,0.4021895193910978,pathfollow_fftg001_/N128s035a08516g001/x3.npz,12
65,0.8526,-0.09198157484836075,0.4016708456773317,pathfollow_fftg001_/N128s035a08526g001/x3.npz,12
66,0.8536,-0.09129124216201132,0.4012392489121389,pathfollow_fftg001_/N128s035a08536g001/x3.npz,12
0,0.8542184408373849,-0.09041248853141173,0.40114986317561924,pathfollow_fftg001_/N128s035a08546g001v1/x2.npz,13
1,0.8542318927343944,-0.09031248853141173,0.40117640442919866,pathfollow_fftg001_/N128s035a08546g001v2/x2.npz,13
2,0.854233548921064,-0.09021248853141173,0.4012099480094387,pathfollow_fftg001_/N128s035a08546g001v3/x2.npz,13
3,0.8542234852388332,-0.09011248853141172,0.4012501865380676,pathfollow_fftg001_/N128s035a08546g001v4/x2.npz,13
4,0.8542016809388556,-0.09001248853141172,0.4012968574464541,pathfollow_fftg001_/N128s035a08546g001v5/x2.npz,13
5,0.8541680029795887,-0.08991248853141172,0.40134976294093566,pathfollow_fftg001_/N128s035a08546g001v6/x2.npz,13
6,0.8541221767135695,-0.08981248853141172,0.401408800175381,pathfollow_fftg001_/N128s035a08546g001v7/x2.npz,13
7,0.854063767366608,-0.08971248853141171,0.4014739834806899,pathfollow_fftg001_/N128s035a08546g001v8/x2.npz,13
8,0.8539921722865566,-0.08961248853141171,0.40154545803422165,pathfollow_fftg001_/N128s035a08546g001v9/x2.npz,13
9,0.8539066237511742,-0.08951248853141171,0.40162350506997285,pathfollow_fftg001_/N128s035a08546g001v10/x2.npz,13
10,0.8538062029753725,-0.0894124885314117,0.4017085386375669,pathfollow_fftg001_/N128s035a08546g001v11/x2.npz,13
11,0.8536898676183041,-0.0893124885314117,0.4018010931126606,pathfollow_fftg001_/N128s035a08546g001v12/x2.npz,13
12,0.853556497208209,-0.0892124885314117,0.40190179926789227,pathfollow_fftg001_/N128s035a08546g001v13/x2.npz,13
13,0.8534049628806972,-0.0891124885314117,0.4020113450922805,pathfollow_fftg001_/N128s035a08546g001v14/x2.npz,13
14,0.853234228632596,-0.0890124885314117,0.4021304160535788,pathfollow_fftg001_/N128s035a08546g001v15/x2.npz,13
15,0.8530434891832948,-0.08891248853141169,0.40225960898285507,pathfollow_fftg001_/N128s035a08546g001v16/x2.npz,13
16,0.8528323419488005,-0.08881248853141169,0.4023993152487615,pathfollow_fftg001_/N128s035a08546g001v17/x2.npz,13
17,0.8526009749592509,-0.08871248853141168,0.4025495733377506,pathfollow_fftg001_/N128s035a08546g001v18/x2.npz,13
18,0.8523503279657094,-0.08861248853141168,0.4027098974836556,pathfollow_fftg001_/N128s035a08546g001v19/x2.npz,13
19,0.8520821535871154,-0.08851248853141168,0.40287909130718563,pathfollow_fftg001_/N128s035a08546g001v20/x2.npz,13
20,0.8517988726077871,-0.08841248853141168,0.40305503422143174,pathfollow_fftg001_/N128s035a08546g001v21/x2.npz,13
21,0.8515030574151392,-0.08831248853141167,0.4032343259343423,pathfollow_fftg001_/N128s035a08546g001v22/x2.npz,13
22,0.8511960482379428,-0.08821248853141167,0.40341114287401475,pathfollow_fftg001_/N128s035a08546g001v23/x3.npz,13
23,0.8508727008700813,-0.08811248853141167,0.40357191906938467,pathfollow_fftg001_/N128s035a08546g001v24/x3.npz,13
0,0.8506,-0.0880431371466957,0.4036234609922062,pathfollow_fftg001__/N128s035a08506g001/x3.npz,14
1,0.8507,-0.08806460028019246,0.4036266615911705,pathfollow_fftg001__/N128s035a08507g001/x2.npz,14
2,0.8508,-0.08809148221385658,0.40359974453858566,pathfollow_fftg001__/N128s035a08508g001/x2.npz,14
0,0.8505857642673076,-0.0880411371466957,0.40361717830136523,pathfollow_fftg001__/N128s035a08506g001v1/x2.npz,15
1,0.8505967934798471,-0.0880426371466957,0.4035944515700352,pathfollow_fftg001__/N128s035a08506g001v2/x4.npz,15
2,0.8505933802666531,-0.0880421371466957,0.4036192872326353,pathfollow_fftg001__/N128s035a08506g001v3/x1.npz,15
3,0.8505897643854896,-0.0880416371466957,0.4036173263277086,pathfollow_fftg001__/N128s035a08506g001v4/x1.npz,15
4,0.8505858845692189,-0.0880411371466957,0.4036149146537423,pathfollow_fftg001__/N128s035a08506g001v5/x1.npz,15
5,0.8505816342772624,-0.0880406371466957,0.4036118078123442,pathfollow_fftg001__/N128s035a08506g001v6/x1.npz,15
6,0.8505768127230896,-0.0880401371466957,0.40360611292298454,pathfollow_fftg001__/N128s035a08506g001v7/x2.npz,15
7,0.8505698676949803,-0.0880396371466957,0.4036012563730999,pathfollow_fftg001__/N128s035a08506g001v8/x4.npz,15
