,alphas,vxs,Rs,paths,curve
0,0.744,-0.04278062105272681,0.40668902953550506,pathfollow_fftg001/N128s035a07440g001/x2.npz,0
1,0.745,-0.042676089419442786,0.4057515899383368,pathfollow_fftg001/N128s035a07450g001/x2.npz,0
2,0.746,-0.04260836191709748,0.40495364050250754,pathfollow_fftg001/N128s035a07460g001/x2.npz,0
3,0.747,-0.042561461085388004,0.4042378686785344,pathfollow_fftg001/N128s035a07470g001/x2.npz,0
4,0.748,-0.0425277600253172,0.4035763910306296,pathfollow_fftg001/N128s035a07480g001/x2.npz,0
5,0.749,-0.042502913451462745,0.40295303715957353,pathfollow_fftg001/N128s035a07490g001/x2.npz,0
6,0.75,-0.042484133341044505,0.4023572655697896,pathfollow_fftg001/N128s035a07500g001/x2.npz,0
7,0.751,-0.04246945871265882,0.4017815607006096,pathfollow_fftg001/N128s035a07510g001/x2.npz,0
8,0.752,-0.04245739924052706,0.40122014608402434,pathfollow_fftg001/N128s035a07520g001/x2.npz,0
9,0.753,-0.04244674337961266,0.40066827757238344,pathfollow_fftg001/N128s035a07530g001/x2.npz,0
10,0.754,-0.0424364485523564,0.40012182357193915,pathfollow_fftg001/N128s035a07540g001/x2.npz,0
11,0.755,-0.04242557811147195,0.3995770041921539,pathfollow_fftg001/N128s035a07550g001/x2.npz,0
12,0.756,-0.04241327059410351,0.3990302338811489,pathfollow_fftg001/N128s035a07560g001/x2.npz,0
13,0.757,-0.04239873818624494,0.3984780521491225,pathfollow_fftg001/N128s035a07570g001/x2.npz,0
14,0.758,-0.0423812994484471,0.3979171571352224,pathfollow_fftg001/N128s035a07580g001/x2.npz,0
15,0.759,-0.04236045798182272,0.39734458613579704,pathfollow_fftg001/N128s035a07590g001/x2.npz,0
16,0.76,-0.04233604126699789,0.3967581121716597,pathfollow_fftg001/N128s035a07600g001/x2.npz,0
17,0.761,-0.042308402891819086,0.39615691908585726,pathfollow_fftg001/N128s035a07610g001/x2.npz,0
18,0.762,-0.04227864897700376,0.3955425125028048,pathfollow_fftg001/N128s035a07620g001/x2.npz,0
19,0.763,-0.04224876722115704,0.39491954743489505,pathfollow_fftg001/N128s035a07630g001/x2.npz,0
20,0.764,-0.04222146851388262,0.39429590463513764,pathfollow_fftg001/N128s035a07640g001/x2.npz,0
21,0.765,-0.04219963824182202,0.3936813980950752,pathfollow_fftg001/N128s035a07650g001/x2.npz,0
22,0.766,-0.04218559392657148,0.3930853763909256,pathfollow_fftg001/N128s035a07660g001/x2.npz,0
23,0.767,-0.04218057616271317,0.392514530349386,pathfollow_fftg001/N128s035a07670g001/x2.npz,0
24,0.768,-0.04218472236827312,0.39197207532649164,pathfollow_fftg001/N128s035a07680g001/x2.npz,0
25,0.769,-0.04219738900474291,0.3914582783553701,pathfollow_fftg001/N128s035a07690g001/x2.npz,0
26,0.77,-0.04221754107473128,0.39097153370923776,pathfollow_fftg001/N128s035a07700g001/x2.npz,0
27,0.771,-0.04224404136039882,0.390509334628545,pathfollow_fftg001/N128s035a07710g001/x2.npz,0
28,0.772,-0.042275813125216555,0.3900689183112466,pathfollow_fftg001/N128s035a07720g001/x2.npz,0
29,0.773,-0.04231191161293643,0.3896476183777104,pathfollow_fftg001/N128s035a07730g001/x2.npz,0
30,0.774,-0.042351544284872776,0.38924302575368414,pathfollow_fftg001/N128s035a07740g001/x2.npz,0
31,0.775,-0.042394066730097546,0.38885304280788113,pathfollow_fftg001/N128s035a07750g001/x2.npz,0
32,0.776,-0.04243896885036586,0.3884758843385789,pathfollow_fftg001/N128s035a07760g001/x2.npz,0
33,0.777,-0.04248585814927249,0.38811005481448513,pathfollow_fftg001/N128s035a07770g001/x2.npz,0
34,0.778,-0.04253444288891959,0.387754316615166,pathfollow_fftg001/N128s035a07780g001/x2.npz,0
35,0.779,-0.042584516027284386,0.38740765611758066,pathfollow_fftg001/N128s035a07790g001/x2.npz,0
36,0.78,-0.04263594015330755,0.3870692506102139,pathfollow_fftg001/N128s035a07800g001/x2.npz,0
37,0.781,-0.042688633467404515,0.38673843728383844,pathfollow_fftg001/N128s035a07810g001/x2.npz,0
38,0.782,-0.04274255687737886,0.3864146848479313,pathfollow_fftg001/N128s035a07820g001/x2.npz,0
39,0.783,-0.04279770232985122,0.3860975680597946,pathfollow_fftg001/N128s035a07830g001/x2.npz,0
40,0.784,-0.04285408250780633,0.3857867453275985,pathfollow_fftg001/N128s035a07840g001/x2.npz,0
41,0.785,-0.04291172199189599,0.3854819394618238,pathfollow_fftg001/N128s035a07850g001/x2.npz,0
42,0.786,-0.0429706498999414,0.3851829214997369,pathfollow_fftg001/N128s035a07860g001/x2.npz,0
43,0.787,-0.04303089395422769,0.3848894974719573,pathfollow_fftg001/N128s035a07870g001/x2.npz,0
44,0.788,-0.04309247583310031,0.3846014978174007,pathfollow_fftg001/N128s035a07880g001/x2.npz,0
45,0.789,-0.04315540762282573,0.38431876912877383,pathfollow_fftg001/N128s035a07890g001/x2.npz,0
46,0.79,-0.04321968915107693,0.38404116785771736,pathfollow_fftg001/N128s035a07900g001/x2.npz,0
47,0.791,-0.04328530597563035,0.3837685556031575,pathfollow_fftg001/N128s035a07910g001/x2.npz,0
48,0.792,-0.04335222781311554,0.3835007956333216,pathfollow_fftg001/N128s035a07920g001/x2.npz,0
49,0.793,-0.04342040720842875,0.38323775031042073,pathfollow_fftg001/N128s035a07930g001/x2.npz,0
50,0.794,-0.04348977827215791,0.382979279129148,pathfollow_fftg001/N128s035a07940g001/x2.npz,0
51,0.795,-0.043560255338463784,0.3827252371069104,pathfollow_fftg001/N128s035a07950g001/x2.npz,0
52,0.796,-0.04363173142417696,0.3824754732890352,pathfollow_fftg001/N128s035a07960g001/x2.npz,0
53,0.797,-0.04370407640120458,0.3822298291475788,pathfollow_fftg001/N128s035a07970g001/x2.npz,0
54,0.798,-0.043777134834572504,0.3819881366625804,pathfollow_fftg001/N128s035a07980g001/x2.npz,0
55,0.799,-0.043850723495427,0.38175021588309044,pathfollow_fftg001/N128s035a07990g001/x2.npz,0
56,0.8,-0.043925044223575974,0.3815169870940023,pathfollow_fftg001/N128s035a08000g001/x4.npz,0
0,0.8,-0.043925044223575974,0.3815169870940023,pathfollow_fftg001/N128s035a08000g001/x4.npz,1
1,0.801,-0.04399860334284683,0.38128489015570416,pathfollow_fftg001/N128s035a08010g001/x2.npz,1
2,0.802,-0.04407236514652552,0.38105703342965647,pathfollow_fftg001/N128s035a08020g001/x2.npz,1
3,0.803,-0.04414559493388876,0.3808320343444853,pathfollow_fftg001/N128s035a08030g001/x2.npz,1
4,0.804,-0.044217937979662884,0.38060959102240105,pathfollow_fftg001/N128s035a08040g001/x2.npz,1
5,0.805,-0.04428900855734605,0.3803893624083,pathfollow_fftg001/N128s035a08050g001/x2.npz,1
6,0.806,-0.04435839974490995,0.38017096654683213,pathfollow_fftg001/N128s035a08060g001/x2.npz,1
7,0.807,-0.04442569984016564,0.3799539837580751,pathfollow_fftg001/N128s035a08070g001/x2.npz,1
8,0.808,-0.044490515846389696,0.3797379668898552,pathfollow_fftg001/N128s035a08080g001/x2.npz,1
9,0.809,-0.04455250247313238,0.3795224598330738,pathfollow_fftg001/N128s035a08090g001/x2.npz,1
10,0.81,-0.044611392140274014,0.3793070231902425,pathfollow_fftg001/N128s035a08100g001/x2.npz,1
11,0.8109999999999999,-0.04466701843940912,0.37909126269247595,pathfollow_fftg001/N128s035a08110g001/x2.npz,1
12,0.8119999999999999,-0.04471932397139549,0.37887485292307976,pathfollow_fftg001/N128s035a08120g001/x2.npz,1
13,0.813,-0.044768344873579946,0.3786575479027493,pathfollow_fftg001/N128s035a08130g001/x2.npz,1
14,0.814,-0.04481416849284645,0.3784391719424194,pathfollow_fftg001/N128s035a08140g001/x2.npz,1
15,0.815,-0.04485686509280283,0.3782195878102729,pathfollow_fftg001/N128s035a08150g001/x2.npz,1
16,0.816,-0.04489639517908889,0.3779986412201145,pathfollow_fftg001/N128s035a08160g001/x2.npz,1
17,0.817,-0.04493248681685211,0.3777760768402906,pathfollow_fftg001/N128s035a08170g001/x2.npz,1
18,0.818,-0.04496445636529565,0.3775514055338697,pathfollow_fftg001/N128s035a08180g001/x2.npz,1
19,0.819,-0.04499089374057249,0.3773236602260643,pathfollow_fftg001/N128s035a08190g001/x2.npz,1
20,0.82,-0.04500897808982017,0.3770908482630154,pathfollow_fftg001/N128s035a08200g001/x2.npz,1
21,0.821,-0.04501257547064657,0.37684838797702597,pathfollow_fftg001/N128s035a08210g001/x2.npz,1
22,0.822,-0.04498364213704563,0.3765817884384024,pathfollow_fftg001/N128s035a08220g001/x3.npz,1
0,0.7429646943942186,-0.042980621052726806,0.4079923982768792,pathfollow_fftg001/N128s035a07440g001v1/x3.npz,2
1,0.742475544390404,-0.043180621052726804,0.40897771808815764,pathfollow_fftg001/N128s035a07440g001v2/x3.npz,2
2,0.7422645590351914,-0.0433806210527268,0.4097920008784844,pathfollow_fftg001/N128s035a07440g001v3/x2.npz,2
3,0.7422189741659766,-0.0435806210527268,0.41049919474949975,pathfollow_fftg001/N128s035a07440g001v4/x2.npz,2
4,0.7422797739689823,-0.0437806210527268,0.41113379414023976,pathfollow_fftg001/N128s035a07440g001v5/x2.npz,2
5,0.742414730495718,-0.0439806210527268,0.4117154998554038,pathfollow_fftg001/N128s035a07440g001v6/x2.npz,2
6,0.7426048501267053,-0.0441806210527268,0.41225655023540786,pathfollow_fftg001/N128s035a07440g001v7/x2.npz,2
7,0.7428386191028764,-0.0443806210527268,0.41276488679795287,pathfollow_fftg001/N128s035a07440g001v8/x2.npz,2
8,0.7431088747959729,-0.044580621052726796,0.41324588004404145,pathfollow_fftg001/N128s035a07440g001v9/x2.npz,2
9,0.7434109509426194,-0.044780621052726795,0.4137033525829438,pathfollow_fftg001/N128s035a07440g001v10/x2.npz,2
10,0.7437415298663707,-0.044980621052726794,0.41414021373976645,pathfollow_fftg001/N128s035a07440g001v11/x2.npz,2
11,0.7440979392808348,-0.04518062105272679,0.4145588527158026,pathfollow_fftg001/N128s035a07440g001v12/x2.npz,2
12,0.7444777503756167,-0.04538062105272679,0.4149613700251208,pathfollow_fftg001/N128s035a07440g001v13/x2.npz,2
13,0.7448785824625122,-0.04558062105272679,0.4153496985870547,pathfollow_fftg001/N128s035a07440g001v14/x2.npz,2
14,0.745298044500646,-0.04578062105272679,0.4157256514283483,pathfollow_fftg001/N128s035a07440g001v15/x2.npz,2
15,0.7457337620293747,-0.04598062105272679,0.4160909230698333,pathfollow_fftg001/N128s035a07440g001v16/x2.npz,2
16,0.7461834530070204,-0.046180621052726786,0.41644706387512415,pathfollow_fftg001/N128s035a07440g001v17/x2.npz,2
17,0.7466450274593432,-0.046380621052726785,0.4167954407124782,pathfollow_fftg001/N128s035a07440g001v18/x2.npz,2
18,0.747116693296212,-0.046580621052726784,0.417137193263648,pathfollow_fftg001/N128s035a07440g001v19/x2.npz,2
19,0.747597054754697,-0.04678062105272678,0.4174731929112329,pathfollow_fftg001/N128s035a07440g001v20/x2.npz,2
20,0.748085191959819,-0.04698062105272678,0.41780400979256216,pathfollow_fftg001/N128s035a07440g001v21/x2.npz,2
21,0.7485807115115213,-0.04718062105272678,0.4181298927282261,pathfollow_fftg001/N128s035a07440g001v22/x2.npz,2
22,0.7490837601327439,-0.04738062105272678,0.41845076577493134,pathfollow_fftg001/N128s035a07440g001v23/x2.npz,2
23,0.7495949969707577,-0.04758062105272678,0.4187662437541112,pathfollow_fftg001/N128s035a07440g001v24/x2.npz,2
24,0.7501155251688578,-0.04778062105272678,0.4190756671577862,pathfollow_fftg001/N128s035a07440g001v25/x2.npz,2
25,0.7506467890005813,-0.047980621052726775,0.4193781544942349,pathfollow_fftg001/N128s035a07440g001v26/x2.npz,2
26,0.7511904479050145,-0.048180621052726774,0.4196726678149504,pathfollow_fftg001/N128s035a07440g001v27/x2.npz,2
27,0.7517482419100003,-0.04838062105272677,0.4199580853549665,pathfollow_fftg001/N128s035a07440g001v28/x2.npz,2
28,0.7523218633629447,-0.04858062105272677,0.4202332743664808,pathfollow_fftg001/N128s035a07440g001v29/x2.npz,2
29,0.7529128476956619,-0.04878062105272677,0.42049715750296224,pathfollow_fftg001/N128s035a07440g001v30/x2.npz,2
30,0.7535224918186979,-0.04898062105272677,0.4207487674278676,pathfollow_fftg001/N128s035a07440g001v31/x2.npz,2
31,0.7541518038295545,-0.04918062105272677,0.42098728633718663,pathfollow_fftg001/N128s035a07440g001v32/x2.npz,2
32,0.7548014831128924,-0.04938062105272677,0.42121206932132726,pathfollow_fftg001/N128s035a07440g001v33/x2.npz,2
33,0.7554719264100036,-0.049580621052726766,0.42142265251449496,pathfollow_fftg001/N128s035a07440g001v34/x2.npz,2
34,0.7561632533835816,-0.049780621052726765,0.42161874847170333,pathfollow_fftg001/N128s035a07440g001v35/x2.npz,2
35,0.7568753445533258,-0.04998062105272676,0.42180023204695477,pathfollow_fftg001/N128s035a07440g001v36/x2.npz,2
36,0.7576078849265713,-0.05018062105272676,0.421967120250743,pathfollow_fftg001/N128s035a07440g001v37/x2.npz,2
37,0.7583604077740221,-0.05038062105272676,0.4221195492911104,pathfollow_fftg001/N128s035a07440g001v38/x2.npz,2
38,0.7591323344284567,-0.05058062105272676,0.42225775142635275,pathfollow_fftg001/N128s035a07440g001v39/x2.npz,2
39,0.7599230074155588,-0.05078062105272676,0.4223820335635552,pathfollow_fftg001/N128s035a07440g001v40/x2.npz,2
40,0.7607317155103067,-0.05098062105272676,0.42249275882794907,pathfollow_fftg001/N128s035a07440g001v41/x2.npz,2
41,0.7615577103547795,-0.051180621052726756,0.42259033170726523,pathfollow_fftg001/N128s035a07440g001v42/x2.npz,2
42,0.7624002150797696,-0.051380621052726755,0.42267518685611377,pathfollow_fftg001/N128s035a07440g001v43/x2.npz,2
43,0.7632584259547134,-0.051580621052726754,0.42274778124893453,pathfollow_fftg001/N128s035a07440g001v44/x2.npz,2
44,0.7641315084791195,-0.05178062105272675,0.42280858908682056,pathfollow_fftg001/N128s035a07440g001v45/x2.npz,2
45,0.765018589552263,-0.05198062105272675,0.42285809868295055,pathfollow_fftg001/N128s035a07440g001v46/x2.npz,2
46,0.7659187474413209,-0.05218062105272675,0.4228968104619964,pathfollow_fftg001/N128s035a07440g001v47/x2.npz,2
47,0.7668310012424836,-0.05238062105272675,0.42292523519014713,pathfollow_fftg001/N128s035a07440g001v48/x2.npz,2
48,0.7677543014169322,-0.05258062105272675,0.42294389159774815,pathfollow_fftg001/N128s035a07440g001v49/x2.npz,2
49,0.7686875228329294,-0.052780621052726746,0.42295330264216696,pathfollow_fftg001/N128s035a07440g001v50/x2.npz,2
50,0.769629461565483,-0.052980621052726745,0.422953989767561,pathfollow_fftg001/N128s035a07440g001v51/x2.npz,2
51,0.7705788365530742,-0.053180621052726744,0.42294646465182545,pathfollow_fftg001/N128s035a07440g001v52/x2.npz,2
52,0.7715342970812872,-0.05338062105272674,0.4229312180716704,pathfollow_fftg001/N128s035a07440g001v53/x2.npz,2
53,0.7724944369803561,-0.05358062105272674,0.4229087056752589,pathfollow_fftg001/N128s035a07440g001v54/x2.npz,2
54,0.7734578163688967,-0.05378062105272674,0.42287933064591193,pathfollow_fftg001/N128s035a07440g001v55/x2.npz,2
55,0.7744229917277604,-0.05398062105272674,0.4228434234955385,pathfollow_fftg001/N128s035a07440g001v56/x2.npz,2
56,0.7753885549812501,-0.05418062105272674,0.4228012196003641,pathfollow_fftg001/N128s035a07440g001v57/x2.npz,2
57,0.7763531819770095,-0.05438062105272674,0.4227528356519842,pathfollow_fftg001/N128s035a07440g001v58/x2.npz,2
58,0.7773156900988767,-0.054580621052726735,0.42269824706713377,pathfollow_fftg001/N128s035a07440g001v59/x2.npz,2
59,0.7782751033477071,-0.054780621052726734,0.4226372697071621,pathfollow_fftg001/N128s035a07440g001v60/x2.npz,2
60,0.7792307205606522,-0.05498062105272673,0.4225695511562008,pathfollow_fftg001/N128s035a07440g001v61/x2.npz,2
61,0.7801821778312739,-0.05518062105272673,0.42249457932095286,pathfollow_fftg001/N128s035a07440g001v62/x2.npz,2
62,0.7811294889728595,-0.05538062105272673,0.4224117189749232,pathfollow_fftg001/N128s035a07440g001v63/x2.npz,2
63,0.782073038147251,-0.05558062105272673,0.4223202891130058,pathfollow_fftg001/N128s035a07440g001v64/x2.npz,2
64,0.7830134883666315,-0.05578062105272673,0.42221969367457657,pathfollow_fftg001/N128s035a07440g001v65/x2.npz,2
65,0.7839515633748446,-0.05598062105272673,0.422109612598159,pathfollow_fftg001/N128s035a07440g001v66/x2.npz,2
66,0.7848876660219474,-0.056180621052726726,0.421990247300907,pathfollow_fftg001/N128s035a07440g001v67/x2.npz,2
67,0.785821319803008,-0.056380621052726725,0.4218625965434075,pathfollow_fftg001/N128s035a07440g001v68/x2.npz,2
68,0.7867504569391022,-0.05658062105272672,0.4217287243651828,pathfollow_fftg001/N128s035a07440g001v69/x2.npz,2
69,0.7876706027109076,-0.05678062105272672,0.42159198606850407,pathfollow_fftg001/N128s035a07440g001v70/x2.npz,2
70,0.7885739829957271,-0.05698062105272672,0.4214572131332456,pathfollow_fftg001/N128s035a07440g001v71/x2.npz,2
71,0.7894484728264013,-0.05718062105272672,0.4213309249115429,pathfollow_fftg001/N128s035a07440g001v72/x2.npz,2
72,0.7902760742231352,-0.05738062105272672,0.4212217325179897,pathfollow_fftg001/N128s035a07440g001v73/x2.npz,2
73,0.79103016894681,-0.05758062105272672,0.4211412591362364,pathfollow_fftg001/N128s035a07440g001v74/x2.npz,2
74,0.7916697617508714,-0.057780621052726716,0.4211062705438074,pathfollow_fftg001/N128s035a07440g001v75/x2.npz,2
75,0.7921257914305126,-0.057980621052726715,0.4211438757170156,pathfollow_fftg001/N128s035a07440g001v76/x2.npz,2
76,0.7922605818432653,-0.058180621052726714,0.42130693217528226,pathfollow_fftg001/N128s035a07440g001v77/x3.npz,2
77,0.7916956315039562,-0.05838062105272671,0.42173911389514956,pathfollow_fftg001/N128s035a07440g001v78/x3.npz,2
0,0.8228756924212902,-0.04478364213704563,0.376199701161101,pathfollow_fftg001/N128s035a08220g001v1/x4.npz,3
1,0.8226617410191517,-0.04458364213704563,0.3760665204927661,pathfollow_fftg001/N128s035a08220g001v2/x3.npz,3
2,0.8221655234342513,-0.04438364213704563,0.3759904475570143,pathfollow_fftg001/N128s035a08220g001v3/x2.npz,3
3,0.8215275633200525,-0.044183642137045634,0.37594005660961566,pathfollow_fftg001/N128s035a08220g001v4/x2.npz,3
4,0.8208046798994549,-0.043983642137045635,0.37590331554446443,pathfollow_fftg001/N128s035a08220g001v5/x2.npz,3
5,0.8200246372887371,-0.043783642137045636,0.37587478715698314,pathfollow_fftg001/N128s035a08220g001v6/x2.npz,3
6,0.8192037829749104,-0.04358364213704564,0.37585145299775974,pathfollow_fftg001/N128s035a08220g001v7/x2.npz,3
7,0.8183526673980811,-0.04338364213704564,0.3758314408220623,pathfollow_fftg001/N128s035a08220g001v8/x2.npz,3
8,0.8174785964429987,-0.04318364213704564,0.37581346069343585,pathfollow_fftg001/N128s035a08220g001v9/x2.npz,3
9,0.8165869236714978,-0.04298364213704564,0.37579652864315893,pathfollow_fftg001/N128s035a08220g001v10/x2.npz,3
10,0.8156817631568517,-0.04278364213704564,0.3757798201559171,pathfollow_fftg001/N128s035a08220g001v11/x2.npz,3
11,0.8147664101623672,-0.042583642137045644,0.3757625876670797,pathfollow_fftg001/N128s035a08220g001v12/x2.npz,3
12,0.8138436035449386,-0.042383642137045645,0.3757441118066095,pathfollow_fftg001/N128s035a08220g001v13/x2.npz,3
13,0.8129156974498842,-0.042183642137045646,0.37572367135845836,pathfollow_fftg001/N128s035a08220g001v14/x2.npz,3
14,0.8119847786078622,-0.04198364213704565,0.3757005240239747,pathfollow_fftg001/N128s035a08220g001v15/x2.npz,3
15,0.8110527497052481,-0.04178364213704565,0.37567389367167137,pathfollow_fftg001/N128s035a08220g001v16/x2.npz,3
16,0.8101213907691306,-0.04158364213704565,0.3756429616942089,pathfollow_fftg001/N128s035a08220g001v17/x2.npz,3
17,0.8091924056532139,-0.04138364213704565,0.3756068612148637,pathfollow_fftg001/N128s035a08220g001v18/x2.npz,3
18,0.808267457826968,-0.04118364213704565,0.37556467356684164,pathfollow_fftg001/N128s035a08220g001v19/x2.npz,3
19,0.8073481978876391,-0.04098364213704565,0.3755154269034469,pathfollow_fftg001/N128s035a08220g001v20/x2.npz,3
20,0.8064362840983004,-0.040783642137045654,0.37545809707540034,pathfollow_fftg001/N128s035a08220g001v21/x2.npz,3
21,0.8055333965636716,-0.040583642137045656,0.37539161107477853,pathfollow_fftg001/N128s035a08220g001v22/x2.npz,3
22,0.8046412452903785,-0.04038364213704566,0.37531485341107185,pathfollow_fftg001/N128s035a08220g001v23/x2.npz,3
23,0.8037615723100765,-0.04018364213704566,0.3752266757361601,pathfollow_fftg001/N128s035a08220g001v24/x2.npz,3
24,0.8028961483072851,-0.03998364213704566,0.37512590985866,pathfollow_fftg001/N128s035a08220g001v25/x2.npz,3
25,0.8020467648547919,-0.03978364213704566,0.37501138395729006,pathfollow_fftg001/N128s035a08220g001v26/x2.npz,3
26,0.801215224460726,-0.03958364213704566,0.37488194132074654,pathfollow_fftg001/N128s035a08220g001v27/x2.npz,3
27,0.8004033320794411,-0.03938364213704566,0.37473646037182706,pathfollow_fftg001/N128s035a08220g001v28/x2.npz,3
28,0.7996128931483331,-0.039183642137045664,0.37457387424294536,pathfollow_fftg001/N128s035a08220g001v29/x2.npz,3
29,0.7988457237620699,-0.038983642137045665,0.37439318803804933,pathfollow_fftg001/N128s035a08220g001v30/x2.npz,3
30,0.7981036770510826,-0.03878364213704567,0.3741934924517044,pathfollow_fftg001/N128s035a08220g001v31/x2.npz,3
31,0.7973886849246256,-0.03858364213704567,0.3739739737763819,pathfollow_fftg001/N128s035a08220g001v32/x2.npz,3
32,0.7967028057376615,-0.03838364213704567,0.37373392219687673,pathfollow_fftg001/N128s035a08220g001v33/x2.npz,3
33,0.7960482575234824,-0.03818364213704567,0.37347274186288204,pathfollow_fftg001/N128s035a08220g001v34/x2.npz,3
34,0.7954274069181151,-0.03798364213704567,0.3731899664676534,pathfollow_fftg001/N128s035a08220g001v35/x2.npz,3
35,0.7948426809602827,-0.03778364213704567,0.37288528222367956,pathfollow_fftg001/N128s035a08220g001v36/x2.npz,3
36,0.7942963786060875,-0.037583642137045674,0.3725585558606766,pathfollow_fftg001/N128s035a08220g001v37/x2.npz,3
37,0.7937903882021766,-0.037383642137045675,0.37220985763089653,pathfollow_fftg001/N128s035a08220g001v38/x2.npz,3
38,0.7933258746861117,-0.037183642137045676,0.37183945588268197,pathfollow_fftg001/N128s035a08220g001v39/x2.npz,3
39,0.792903087098466,-0.03698364213704568,0.37144773956682897,pathfollow_fftg001/N128s035a08220g001v40/x2.npz,3
40,0.7925215231803493,-0.03678364213704568,0.3710350071642812,pathfollow_fftg001/N128s035a08220g001v41/x2.npz,3
41,0.7921806908507112,-0.03658364213704568,0.37060107013154864,pathfollow_fftg001/N128s035a08220g001v42/x2.npz,3
42,0.7918815326447751,-0.03638364213704568,0.3701446802561519,pathfollow_fftg001/N128s035a08220g001v43/x2.npz,3
43,0.7916282555463513,-0.03618364213704568,0.36966288487192783,pathfollow_fftg001/N128s035a08220g001v44/x2.npz,3
44,0.791430054942177,-0.035983642137045684,0.36915046946457003,pathfollow_fftg001/N128s035a08220g001v45/x2.npz,3
45,0.7913022605876582,-0.035783642137045685,0.36859960779814566,pathfollow_fftg001/N128s035a08220g001v46/x2.npz,3
46,0.7912667036098884,-0.035583642137045686,0.367999741181231,pathfollow_fftg001/N128s035a08220g001v47/x2.npz,3
47,0.7913513190858321,-0.03538364213704569,0.36733763318043094,pathfollow_fftg001/N128s035a08220g001v48/x2.npz,3
48,0.7915891001853474,-0.03518364213704569,0.3665974672020701,pathfollow_fftg001/N128s035a08220g001v49/x2.npz,3
49,0.7920173344959149,-0.03498364213704569,0.36576040959399847,pathfollow_fftg001/N128s035a08220g001v50/x2.npz,3
50,0.7926823385958514,-0.03478364213704569,0.36480112305581985,pathfollow_fftg001/N128s035a08220g001v51/x2.npz,3
51,0.7936713076972794,-0.03458364213704569,0.36367144600130474,pathfollow_fftg001/N128s035a08220g001v52/x3.npz,3
52,0.7952443525279026,-0.03438364213704569,0.3622378785227438,pathfollow_fftg001/N128s035a08220g001v53/x3.npz,3
53,0.7989379777701052,-0.034183642137045694,0.3597752688192441,pathfollow_fftg001/N128s035a08220g001v54/x4.npz,3
1,0.7999,-0.03416252554245193,0.35925202625773156,pathfollow_fftg001/N128s035a07999g001/x2.npz,4
2,0.8009000000000001,-0.034147824582502664,0.35874023097919727,pathfollow_fftg001/N128s035a08009g001/x2.npz,4
3,0.8019000000000001,-0.03413865466495954,0.35825502056773284,pathfollow_fftg001/N128s035a08019g001/x2.npz,4
4,0.8029000000000001,-0.03413363801807599,0.3577916974398982,pathfollow_fftg001/N128s035a08029g001/x2.npz,4
5,0.8039000000000001,-0.03413175908118064,0.3573466967186427,pathfollow_fftg001/N128s035a08039g001/x2.npz,4
6,0.8049000000000001,-0.034132267249620575,0.35691729554784407,pathfollow_fftg001/N128s035a08049g001/x2.npz,4
7,0.8059000000000001,-0.03413461021262514,0.35650140676930414,pathfollow_fftg001/N128s035a08059g001/x2.npz,4
8,0.8069000000000001,-0.034138386059716454,0.35609742782695875,pathfollow_fftg001/N128s035a08069g001/x2.npz,4
9,0.8079000000000001,-0.03414330649483964,0.35570412538397067,pathfollow_fftg001/N128s035a08079g001/x2.npz,4
10,0.8089000000000001,-0.034149166350758646,0.3553205430030356,pathfollow_fftg001/N128s035a08089g001/x2.npz,4
11,0.8099000000000001,-0.03415581656073772,0.3549459240796481,pathfollow_fftg001/N128s035a08099g001/x2.npz,4
12,0.8109000000000001,-0.03416313907035428,0.35457964548967597,pathfollow_fftg001/N128s035a08109g001/x2.npz,4
13,0.8119000000000001,-0.03417102296656483,0.3542211594171671,pathfollow_fftg001/N128s035a08119g001/x2.npz,4
14,0.8129,-0.03417934143381063,0.35386994182697246,pathfollow_fftg001/N128s035a08129g001/x2.npz,4
15,0.8139,-0.03418792903308971,0.35352544607221764,pathfollow_fftg001/N128s035a08139g001/x2.npz,4
16,0.8149,-0.03419655826865455,0.3531870594334868,pathfollow_fftg001/N128s035a08149g001/x2.npz,4
17,0.8159,-0.034204913347313244,0.3528540587866281,pathfollow_fftg001/N128s035a08159g001/x2.npz,4
18,0.8169,-0.03421255716709236,0.35252555883761283,pathfollow_fftg001/N128s035a08169g001/x2.npz,4
19,0.8179,-0.03421888407761276,0.352200441221405,pathfollow_fftg001/N128s035a08179g001/x2.npz,4
20,0.8189,-0.03422304374213467,0.35187724219073596,pathfollow_fftg001/N128s035a08189g001/x2.npz,4
21,0.8199,-0.034223804845760195,0.3515539521760939,pathfollow_fftg001/N128s035a08199g001/x2.npz,4
22,0.8209,-0.03421928409952531,0.35122761610874,pathfollow_fftg001/N128s035a08209g001/x2.npz,4
23,0.8219,-0.03420633323017995,0.3508934248245075,pathfollow_fftg001/N128s035a08219g001/x2.npz,4
24,0.8229,-0.03417886305433871,0.3505422157826956,pathfollow_fftg001/N128s035a08229g001/x2.npz,4
25,0.8239,-0.03412077812070975,0.3501498293958016,pathfollow_fftg001/N128s035a08239g001/x3.npz,4
26,0.8249,-0.03389988057665845,0.34951565481079067,pathfollow_fftg001/N128s035a08249g001/x4.npz,4
0,0.7407,-0.056628624361143964,0.4424919541490503,pathfollow_fftg001/N128s035a07407g001/x2.npz,5
1,0.7417,-0.05666624430811492,0.44203991470411125,pathfollow_fftg001/N128s035a07417g001/x2.npz,5
2,0.7427,-0.05670434708648194,0.44159303066583366,pathfollow_fftg001/N128s035a07427g001/x2.npz,5
3,0.7437,-0.056742845177354125,0.44115075379473173,pathfollow_fftg001/N128s035a07437g001/x2.npz,5
4,0.7447,-0.05678165902711565,0.4407125478268735,pathfollow_fftg001/N128s035a07447g001/x2.npz,5
5,0.7457,-0.05682071688778055,0.4402778896372654,pathfollow_fftg001/N128s035a07457g001/x2.npz,5
6,0.7467,-0.05685995470992124,0.43984627027877454,pathfollow_fftg001/N128s035a07467g001/x2.npz,5
7,0.7477,-0.05689931618821428,0.43941719639711724,pathfollow_fftg001/N128s035a07477g001/x2.npz,5
8,0.7487,-0.056938753033849314,0.4389901924709029,pathfollow_fftg001/N128s035a07487g001/x2.npz,5
9,0.7497,-0.056978225529074604,0.43856480426717864,pathfollow_fftg001/N128s035a07497g001/x2.npz,5
10,0.7507,-0.057017703383440865,0.4381406038212269,pathfollow_fftg001/N128s035a07507g001/x2.npz,5
11,0.7517,-0.05705716687473036,0.43771719613599797,pathfollow_fftg001/N128s035a07517g001/x2.npz,5
12,0.7527,-0.05709660820349129,0.437294227621056,pathfollow_fftg001/N128s035a07527g001/x2.npz,5
13,0.7537,-0.05713603292646958,0.43687139604751735,pathfollow_fftg001/N128s035a07537g001/x2.npz,5
14,0.7547,-0.05717546126129782,0.4364484614754308,pathfollow_fftg001/N128s035a07547g001/x2.npz,5
15,0.7557,-0.057214928985894566,0.43602525723833846,pathfollow_fftg001/N128s035a07557g001/x2.npz,5
16,0.7567,-0.05725448760959668,0.4356016997039535,pathfollow_fftg001/N128s035a07567g001/x2.npz,5
17,0.7577,-0.057294203495329064,0.4351777952697383,pathfollow_fftg001/N128s035a07577g001/x2.npz,5
18,0.7587,-0.057334155687772274,0.4347536430224427,pathfollow_fftg001/N128s035a07587g001/x2.npz,5
19,0.7597,-0.05737443236252584,0.43432943180418343,pathfollow_fftg001/N128s035a07597g001/x2.npz,5
20,0.7607,-0.05741512604270338,0.4339054311244178,pathfollow_fftg001/N128s035a07607g001/x2.npz,5
21,0.7617,-0.05745632797835622,0.4334819763420541,pathfollow_fftg001/N128s035a07617g001/x2.npz,5
22,0.7627,-0.057498122284564995,0.4330594495912875,pathfollow_fftg001/N128s035a07627g001/x2.npz,5
23,0.7637,-0.05754058050667869,0.43263825872384865,pathfollow_fftg001/N128s035a07637g001/x2.npz,5
24,0.7647,-0.05758375719511399,0.43221881682802055,pathfollow_fftg001/N128s035a07647g001/x2.npz,5
25,0.7657,-0.057627686845977626,0.4318015245716956,pathfollow_fftg001/N128s035a07657g001/x2.npz,5
26,0.7666999999999999,-0.057672382264650754,0.431386756810845,pathfollow_fftg001/N128s035a07667g001/x2.npz,5
27,0.7676999999999999,-0.0577178341286445,0.43097485388683826,pathfollow_fftg001/N128s035a07677g001/x2.npz,5
28,0.7686999999999999,-0.057764011331513626,0.43056611710433895,pathfollow_fftg001/N128s035a07687g001/x2.npz,5
29,0.7696999999999999,-0.05781086161266305,0.4301608072501114,pathfollow_fftg001/N128s035a07697g001/x2.npz,5
30,0.7706999999999999,-0.057858312006666385,0.4297591447567884,pathfollow_fftg001/N128s035a07707g001/x2.npz,5
31,0.7716999999999999,-0.057906268744465084,0.42936131017930396,pathfollow_fftg001/N128s035a07717g001/x2.npz,5
32,0.7726999999999999,-0.05795461636320244,0.4289674439175057,pathfollow_fftg001/N128s035a07727g001/x2.npz,5
33,0.7736999999999999,-0.058003215902952765,0.4285776444604428,pathfollow_fftg001/N128s035a07737g001/x2.npz,5
34,0.7746999999999999,-0.05805190215339534,0.4281919647119003,pathfollow_fftg001/N128s035a07747g001/x2.npz,5
35,0.7757,-0.05810047997718499,0.42781040618371213,pathfollow_fftg001/N128s035a07757g001/x2.npz,5
36,0.7767,-0.05814871975860161,0.4274329109279881,pathfollow_fftg001/N128s035a07767g001/x2.npz,5
37,0.7777,-0.05819635202932017,0.4270593510865413,pathfollow_fftg001/N128s035a07777g001/x2.npz,5
38,0.7787,-0.05824306130268524,0.42668951588434756,pathfollow_fftg001/N128s035a07787g001/x2.npz,5
39,0.7797,-0.05828847908669844,0.42632309579205696,pathfollow_fftg001/N128s035a07797g001/x2.npz,5
40,0.7807,-0.05833217591025817,0.42595966351148934,pathfollow_fftg001/N128s035a07807g001/x2.npz,5
41,0.7817,-0.058373651872424305,0.4255986512639011,pathfollow_fftg001/N128s035a07817g001/x2.npz,5
42,0.7827,-0.05841232453067213,0.42523932353596405,pathfollow_fftg001/N128s035a07827g001/x2.npz,5
43,0.7837,-0.05844751150905818,0.4248807435140442,pathfollow_fftg001/N128s035a07837g001/x2.npz,5
44,0.7847,-0.05847840236056357,0.42452172913836894,pathfollow_fftg001/N128s035a07847g001/x2.npz,5
45,0.7857,-0.05850400856291116,0.4241607892608647,pathfollow_fftg001/N128s035a07857g001/x2.npz,5
46,0.7867,-0.05852306878078347,0.4237960178289088,pathfollow_fftg001/N128s035a07867g001/x2.npz,5
47,0.7877,-0.058533859639024036,0.42342489402042166,pathfollow_fftg001/N128s035a07877g001/x2.npz,5
48,0.7887,-0.058533793873690544,0.4230438596402616,pathfollow_fftg001/N128s035a07887g001/x2.npz,5
49,0.7897,-0.05851815709413064,0.422646985773615,pathfollow_fftg001/N128s035a07897g001/x3.npz,5
50,0.7907,-0.05847752913829387,0.4222231388923597,pathfollow_fftg001/N128s035a07907g001/x3.npz,5
0,0.8247568545207987,-0.03369988057665845,0.3492494508522724,pathfollow_fftg001/N128s035a08249g001v1/x3.npz,6
1,0.8242624739859911,-0.03349988057665845,0.3490799742501562,pathfollow_fftg001/N128s035a08249g001v2/x2.npz,6
2,0.8235837173942677,-0.033299880576658454,0.3489575135180249,pathfollow_fftg001/N128s035a08249g001v3/x2.npz,6
3,0.82279902234839,-0.033099880576658455,0.34885872037581006,pathfollow_fftg001/N128s035a08249g001v4/x2.npz,6
4,0.8219517590760002,-0.032899880576658456,0.34877055268123125,pathfollow_fftg001/N128s035a08249g001v5/x2.npz,6
5,0.8210694849619691,-0.03269988057665846,0.3486845198996532,pathfollow_fftg001/N128s035a08249g001v6/x2.npz,6
6,0.820171099846123,-0.03249988057665846,0.3485946004805539,pathfollow_fftg001/N128s035a08249g001v7/x2.npz,6
7,0.8192702415547984,-0.03229988057665846,0.3484962679204379,pathfollow_fftg001/N128s035a08249g001v8/x2.npz,6
8,0.8183771238839935,-0.03209988057665846,0.3483859656552323,pathfollow_fftg001/N128s035a08249g001v9/x2.npz,6
9,0.8174996881072535,-0.03189988057665846,0.3482607744035517,pathfollow_fftg001/N128s035a08249g001v10/x2.npz,6
10,0.8166444380618454,-0.031699880576658464,0.3481181688302215,pathfollow_fftg001/N128s035a08249g001v11/x2.npz,6
11,0.8158171034674829,-0.031499880576658465,0.3479558290368562,pathfollow_fftg001/N128s035a08249g001v12/x2.npz,6
12,0.8150231599678663,-0.031299880576658466,0.34777150494295195,pathfollow_fftg001/N128s035a08249g001v13/x2.npz,6
13,0.8142681789393963,-0.031099880576658467,0.3475629422031142,pathfollow_fftg001/N128s035a08249g001v14/x2.npz,6
14,0.8135579721774568,-0.03089988057665847,0.3473278721829117,pathfollow_fftg001/N128s035a08249g001v15/x2.npz,6
15,0.8128985299577854,-0.03069988057665847,0.3470640502796268,pathfollow_fftg001/N128s035a08249g001v16/x2.npz,6
16,0.8122958200528925,-0.03049988057665847,0.34676930148902274,pathfollow_fftg001/N128s035a08249g001v17/x2.npz,6
17,0.81175561429999,-0.030299880576658472,0.34644150453749956,pathfollow_fftg001/N128s035a08249g001v18/x2.npz,6
18,0.8112836201201007,-0.030099880576658473,0.3460784241795732,pathfollow_fftg001/N128s035a08249g001v19/x2.npz,6
19,0.8108862601551255,-0.029899880576658475,0.345677301481792,pathfollow_fftg001/N128s035a08249g001v20/x2.npz,6
20,0.8105723611672705,-0.029699880576658476,0.3452341548066576,pathfollow_fftg001/N128s035a08249g001v21/x2.npz,6
21,0.8103557260621348,-0.029499880576658477,0.3447428248803608,pathfollow_fftg001/N128s035a08249g001v22/x2.npz,6
22,0.8102582269629185,-0.02929988057665848,0.34419384482555754,pathfollow_fftg001/N128s035a08249g001v23/x2.npz,6
