,alphas,vxs,Rs,paths,curve
0,0.5,-0.05321022116501647,0.3899347142624448,pathfollow_fftg001/N128s040a05000g001/x2.npz,0
1,0.501,-0.05342485948787273,0.38982491142643455,pathfollow_fftg001/N128s040a05010g001/x2.npz,0
2,0.502,-0.05363896514173125,0.38971281898907856,pathfollow_fftg001/N128s040a05020g001/x2.npz,0
3,0.503,-0.053852549736292867,0.3895985092722173,pathfollow_fftg001/N128s040a05030g001/x2.npz,0
4,0.504,-0.05406561632558485,0.3894820535125445,pathfollow_fftg001/N128s040a05040g001/x2.npz,0
5,0.505,-0.05427816012157185,0.3893635238116934,pathfollow_fftg001/N128s040a05050g001/x2.npz,0
6,0.506,-0.05449016987435793,0.3892429945865597,pathfollow_fftg001/N128s040a05060g001/x2.npz,0
7,0.507,-0.05470162974091801,0.3891205434248995,pathfollow_fftg001/N128s040a05070g001/x2.npz,0
8,0.508,-0.05491252141374795,0.3889962513453081,pathfollow_fftg001/N128s040a05080g001/x2.npz,0
9,0.509,-0.05512282627679768,0.38887020253484433,pathfollow_fftg001/N128s040a05090g001/x2.npz,0
10,0.51,-0.05533252739251609,0.38874248368357855,pathfollow_fftg001/N128s040a05100g001/x2.npz,0
11,0.511,-0.055541611183891434,0.3886131830499881,pathfollow_fftg001/N128s040a05110g001/x2.npz,0
12,0.512,-0.05575006873918828,0.3884823893823536,pathfollow_fftg001/N128s040a05120g001/x2.npz,0
13,0.513,-0.055957896720771345,0.38835019080300587,pathfollow_fftg001/N128s040a05130g001/x2.npz,0
14,0.514,-0.056165097891664906,0.3882166737366431,pathfollow_fftg001/N128s040a05140g001/x2.npz,0
15,0.515,-0.05637168129214483,0.3880819219538641,pathfollow_fftg001/N128s040a05150g001/x2.npz,0
16,0.516,-0.05657766209273257,0.3879460157764022,pathfollow_fftg001/N128s040a05160g001/x2.npz,0
17,0.517,-0.05678306114505439,0.3878090314974087,pathfollow_fftg001/N128s040a05170g001/x2.npz,0
18,0.518,-0.05698790423713896,0.38767104105047406,pathfollow_fftg001/N128s040a05180g001/x2.npz,0
19,0.519,-0.057192221055624805,0.3875321119557754,pathfollow_fftg001/N128s040a05190g001/x2.npz,0
20,0.52,-0.05739604386231861,0.38739230755260995,pathfollow_fftg001/N128s040a05200g001/x2.npz,0
21,0.521,-0.05759940591296611,0.3872516874978387,pathfollow_fftg001/N128s040a05210g001/x2.npz,0
22,0.522,-0.05780233968332464,0.387110308474056,pathfollow_fftg001/N128s040a05220g001/x2.npz,0
23,0.523,-0.05800487501305285,0.38696822501519423,pathfollow_fftg001/N128s040a05230g001/x2.npz,0
24,0.524,-0.058207037324290896,0.38682549033048275,pathfollow_fftg001/N128s040a05240g001/x2.npz,0
25,0.525,-0.058408846101096486,0.3866821570006881,pathfollow_fftg001/N128s040a05250g001/x2.npz,0
26,0.526,-0.058610313813954026,0.3865382774435595,pathfollow_fftg001/N128s040a05260g001/x2.npz,0
27,0.527,-0.05881144543266248,0.38639390409331253,pathfollow_fftg001/N128s040a05270g001/x2.npz,0
28,0.528,-0.05901223859444837,0.3862490893006718,pathfollow_fftg001/N128s040a05280g001/x2.npz,0
29,0.529,-0.0592126844003162,0.3861038850188282,pathfollow_fftg001/N128s040a05290g001/x2.npz,0
30,0.53,-0.05941276872383922,0.3859583423730609,pathfollow_fftg001/N128s040a05300g001/x2.npz,0
31,0.531,-0.05961247385775971,0.38581251122528837,pathfollow_fftg001/N128s040a05310g001/x2.npz,0
32,0.532,-0.05981178030214068,0.3856664398115334,pathfollow_fftg001/N128s040a05320g001/x2.npz,0
33,0.533,-0.060010668516564225,0.38552017450767745,pathfollow_fftg001/N128s040a05330g001/x2.npz,0
34,0.534,-0.06020912050062205,0.3853737597316732,pathfollow_fftg001/N128s040a05340g001/x2.npz,0
35,0.535,-0.060407121119273655,0.3852272379686706,pathfollow_fftg001/N128s040a05350g001/x2.npz,0
36,0.536,-0.06060465913590322,0.38508064988862867,pathfollow_fftg001/N128s040a05360g001/x2.npz,0
37,0.537,-0.060801727950319524,0.38493403453100655,pathfollow_fftg001/N128s040a05370g001/x2.npz,0
38,0.538,-0.06099832605509091,0.3847874295332079,pathfollow_fftg001/N128s040a05380g001/x2.npz,0
39,0.539,-0.061194457228253014,0.38464087139543607,pathfollow_fftg001/N128s040a05390g001/x2.npz,0
40,0.54,-0.061390130473696944,0.384494395780065,pathfollow_fftg001/N128s040a05400g001/x2.npz,0
41,0.541,-0.06158535971070062,0.3843480378459168,pathfollow_fftg001/N128s040a05410g001/x2.npz,0
42,0.542,-0.061780163206041884,0.384201832612003,pathfollow_fftg001/N128s040a05420g001/x2.npz,0
43,0.543,-0.061974562740704904,0.38405581532911637,pathfollow_fftg001/N128s040a05430g001/x2.npz,0
44,0.544,-0.062168582513293325,0.38391002182004014,pathfollow_fftg001/N128s040a05440g001/x2.npz,0
45,0.545,-0.062362247805551184,0.38376448872853264,pathfollow_fftg001/N128s040a05450g001/x2.npz,0
46,0.546,-0.06255558346993262,0.38361925360573,pathfollow_fftg001/N128s040a05460g001/x2.npz,0
47,0.547,-0.06274861234013676,0.3834743547694945,pathfollow_fftg001/N128s040a05470g001/x2.npz,0
48,0.548,-0.06294135370250242,0.38332983090049727,pathfollow_fftg001/N128s040a05480g001/x2.npz,0
49,0.549,-0.06313382198375539,0.383185720378016,pathfollow_fftg001/N128s040a05490g001/x2.npz,0
50,0.55,-0.06332602580645905,0.3830420604250347,pathfollow_fftg001/N128s040a05500g001/x2.npz,0
51,0.551,-0.06351796752251442,0.3828988861747028,pathfollow_fftg001/N128s040a05510g001/x2.npz,0
52,0.552,-0.06370964327517538,0.3827562298040472,pathfollow_fftg001/N128s040a05520g001/x2.npz,0
53,0.553,-0.06390104356531111,0.3826141198701924,pathfollow_fftg001/N128s040a05530g001/x2.npz,0
54,0.554,-0.06409215423521206,0.3824725809559097,pathfollow_fftg001/N128s040a05540g001/x2.npz,0
55,0.555,-0.06428295773830212,0.3823316336650525,pathfollow_fftg001/N128s040a05550g001/x2.npz,0
56,0.556,-0.06447343455054695,0.3821912949549027,pathfollow_fftg001/N128s040a05560g001/x2.npz,0
57,0.557,-0.06466356459106944,0.3820515787419495,pathfollow_fftg001/N128s040a05570g001/x2.npz,0
58,0.558,-0.06485332854853036,0.38191249669144384,pathfollow_fftg001/N128s040a05580g001/x2.npz,0
59,0.559,-0.06504270904538531,0.3817740590976603,pathfollow_fftg001/N128s040a05590g001/x2.npz,0
60,0.56,-0.0652316916042401,0.3816362757728992,pathfollow_fftg001/N128s040a05600g001/x2.npz,0
61,0.5609999999999999,-0.06542026540398613,0.3814991568859992,pathfollow_fftg001/N128s040a05610g001/x2.npz,0
62,0.562,-0.06560842382647582,0.38136271371252356,pathfollow_fftg001/N128s040a05620g001/x2.npz,0
63,0.563,-0.06579616479713717,0.3812269592753999,pathfollow_fftg001/N128s040a05630g001/x2.npz,0
64,0.5640000000000001,-0.06598349092064537,0.38109190886655275,pathfollow_fftg001/N128s040a05640g001/x2.npz,0
65,0.565,-0.06617040940529006,0.38095758043742056,pathfollow_fftg001/N128s040a05650g001/x2.npz,0
66,0.5660000000000001,-0.06635693176406401,0.3808239948428821,pathfollow_fftg001/N128s040a05660g001/x2.npz,0
67,0.567,-0.06654307328079805,0.3806911759103036,pathfollow_fftg001/N128s040a05670g001/x2.npz,0
68,0.5680000000000001,-0.06672885223469102,0.3805591502994213,pathfollow_fftg001/N128s040a05680g001/x2.npz,0
69,0.569,-0.06691428889402697,0.38042794711189265,pathfollow_fftg001/N128s040a05690g001/x2.npz,0
70,0.5700000000000001,-0.06709940431477114,0.38029759722192374,pathfollow_fftg001/N128s040a05700g001/x2.npz,0
71,0.571,-0.0672842190107858,0.3801681323271197,pathfollow_fftg001/N128s040a05710g001/x2.npz,0
72,0.5720000000000001,-0.06746875159330179,0.38003958375330965,pathfollow_fftg001/N128s040a05720g001/x2.npz,0
73,0.573,-0.06765301749886873,0.3799119811018646,pathfollow_fftg001/N128s040a05730g001/x2.npz,0
74,0.574,-0.0678370279307133,0.3797853508695653,pathfollow_fftg001/N128s040a05740g001/x2.npz,0
75,0.575,-0.0680207891219069,0.379659715200105,pathfollow_fftg001/N128s040a05750g001/x2.npz,0
76,0.576,-0.06820430199411569,0.3795350909275204,pathfollow_fftg001/N128s040a05760g001/x2.npz,0
77,0.577,-0.06838756223488546,0.3794114890381393,pathfollow_fftg001/N128s040a05770g001/x2.npz,0
78,0.578,-0.06857056076636865,0.3792889146232721,pathfollow_fftg001/N128s040a05780g001/x2.npz,0
79,0.579,-0.06875328453508102,0.3791673673261804,pathfollow_fftg001/N128s040a05790g001/x2.npz,0
80,0.58,-0.0689357175261124,0.37904684222381096,pathfollow_fftg001/N128s040a05800g001/x2.npz,0
81,0.581,-0.06911784189806859,0.3789273310387749,pathfollow_fftg001/N128s040a05810g001/x2.npz,0
82,0.582,-0.06929963914374047,0.378808823556024,pathfollow_fftg001/N128s040a05820g001/x2.npz,0
83,0.583,-0.06948109120025539,0.37869130911911747,pathfollow_fftg001/N128s040a05830g001/x2.npz,0
84,0.584,-0.0696621814557033,0.37857477810037254,pathfollow_fftg001/N128s040a05840g001/x2.npz,0
85,0.585,-0.06984289561945753,0.37845922326381015,pathfollow_fftg001/N128s040a05850g001/x2.npz,0
86,0.586,-0.0700232224397936,0.37834464096735376,pathfollow_fftg001/N128s040a05860g001/x2.npz,0
87,0.587,-0.07020315426149919,0.3782310321712777,pathfollow_fftg001/N128s040a05870g001/x2.npz,0
88,0.588,-0.07038268742009915,0.3781184032336623,pathfollow_fftg001/N128s040a05880g001/x2.npz,0
89,0.589,-0.07056182246843323,0.37800676647790776,pathfollow_fftg001/N128s040a05890g001/x2.npz,0
90,0.59,-0.07074056422931731,0.37789614051718917,pathfollow_fftg001/N128s040a05900g001/x2.npz,0
91,0.591,-0.07091892166433342,0.37778655031261577,pathfollow_fftg001/N128s040a05910g001/x2.npz,0
92,0.592,-0.07109690754987265,0.3776780269385799,pathfollow_fftg001/N128s040a05920g001/x2.npz,0
93,0.593,-0.07127453795467464,0.37757060702758033,pathfollow_fftg001/N128s040a05930g001/x2.npz,0
94,0.594,-0.07145183152268243,0.3774643318707703,pathfollow_fftg001/N128s040a05940g001/x2.npz,0
95,0.595,-0.07162880858010592,0.37735924617387295,pathfollow_fftg001/N128s040a05950g001/x2.npz,0
96,0.596,-0.07180549010419965,0.3772553964949144,pathfollow_fftg001/N128s040a05960g001/x2.npz,0
97,0.597,-0.07198189661177404,0.37715282943228207,pathfollow_fftg001/N128s040a05970g001/x2.npz,0
98,0.598,-0.07215804704305942,0.3770515896749409,pathfollow_fftg001/N128s040a05980g001/x2.npz,0
99,0.599,-0.07233395772696213,0.3769517180644281,pathfollow_fftg001/N128s040a05990g001/x2.npz,0
100,0.6,-0.0725096415136002,0.37685324984075436,pathfollow_fftg001/N128s040a06000g001/x2.npz,0
101,0.601,-0.07268510714730395,0.37675621324270836,pathfollow_fftg001/N128s040a06010g001/x2.npz,0
102,0.602,-0.07286035892944885,0.3766606286050376,pathfollow_fftg001/N128s040a06020g001/x2.npz,0
103,0.603,-0.07303539669007253,0.3765665080439733,pathfollow_fftg001/N128s040a06030g001/x2.npz,0
104,0.604,-0.0732102160544457,0.3764738557581152,pathfollow_fftg001/N128s040a06040g001/x2.npz,0
105,0.605,-0.07338480896339303,0.376382668904419,pathfollow_fftg001/N128s040a06050g001/x2.npz,0
106,0.606,-0.07355916438673632,0.37629293895583715,pathfollow_fftg001/N128s040a06060g001/x2.npz,0
107,0.607,-0.07373326916057542,0.37620465340947545,pathfollow_fftg001/N128s040a06070g001/x2.npz,0
108,0.608,-0.07390710888016642,0.37611779770052584,pathfollow_fftg001/N128s040a06080g001/x2.npz,0
109,0.609,-0.07408066878888582,0.37603235718320593,pathfollow_fftg001/N128s040a06090g001/x2.npz,0
110,0.61,-0.07425393461559063,0.3759483190567528,pathfollow_fftg001/N128s040a06100g001/x2.npz,0
111,0.611,-0.07442689332759365,0.3758656741444757,pathfollow_fftg001/N128s040a06110g001/x2.npz,0
112,0.612,-0.07459953377698396,0.37578441845865274,pathfollow_fftg001/N128s040a06120g001/x2.npz,0
113,0.613,-0.0747718472288421,0.3757045545077655,pathfollow_fftg001/N128s040a06130g001/x2.npz,0
114,0.614,-0.07494382776543178,0.37562609232092464,pathfollow_fftg001/N128s040a06140g001/x2.npz,0
115,0.615,-0.07511547256367478,0.37554905017360696,pathfollow_fftg001/N128s040a06150g001/x2.npz,0
116,0.616,-0.07528678204530785,0.3754734550050601,pathfollow_fftg001/N128s040a06160g001/x2.npz,0
117,0.617,-0.07545775989802005,0.37539934251627016,pathfollow_fftg001/N128s040a06170g001/x2.npz,0
118,0.618,-0.07562841296657417,0.3753267569381297,pathfollow_fftg001/N128s040a06180g001/x2.npz,0
119,0.619,-0.07579875101325367,0.3752557504588176,pathfollow_fftg001/N128s040a06190g001/x2.npz,0
120,0.62,-0.075968786348929,0.3751863823025392,pathfollow_fftg001/N128s040a06200g001/x2.npz,0
121,0.621,-0.07613853334053729,0.3751187174617358,pathfollow_fftg001/N128s040a06210g001/x2.npz,0
122,0.622,-0.07630800780720545,0.3750528251009938,pathfollow_fftg001/N128s040a06220g001/x2.npz,0
123,0.623,-0.07647722632459789,0.37498877667243224,pathfollow_fftg001/N128s040a06230g001/x2.npz,0
124,0.624,-0.07664620546744329,0.3749266438128336,pathfollow_fftg001/N128s040a06240g001/x2.npz,0
125,0.625,-0.07681496102776382,0.3748664961205699,pathfollow_fftg001/N128s040a06250g001/x2.npz,0
126,0.626,-0.07698350725393513,0.3748083989391062,pathfollow_fftg001/N128s040a06260g001/x2.npz,0
127,0.627,-0.07715185615837347,0.374752411290983,pathfollow_fftg001/N128s040a06270g001/x2.npz,0
128,0.628,-0.07732001694041221,0.374698584112272,pathfollow_fftg001/N128s040a06280g001/x2.npz,0
129,0.629,-0.07748799556357994,0.3746469589228038,pathfollow_fftg001/N128s040a06290g001/x2.npz,0
130,0.63,-0.0776557945154154,0.37459756704400854,pathfollow_fftg001/N128s040a06300g001/x2.npz,0
131,0.631,-0.0778234127619482,0.37455042942205535,pathfollow_fftg001/N128s040a06310g001/x2.npz,0
132,0.632,-0.07799084589383999,0.3745055570756509,pathfollow_fftg001/N128s040a06320g001/x2.npz,0
133,0.633,-0.07815808644523414,0.3744629521253212,pathfollow_fftg001/N128s040a06330g001/x2.npz,0
134,0.634,-0.07832512435499196,0.37442260932205207,pathfollow_fftg001/N128s040a06340g001/x2.npz,0
135,0.635,-0.07849194753211873,0.37438451795882116,pathfollow_fftg001/N128s040a06350g001/x2.npz,0
136,0.636,-0.07865854248525027,0.37434866403397316,pathfollow_fftg001/N128s040a06360g001/x2.npz,0
137,0.637,-0.07882489497660583,0.3743150325317365,pathfollow_fftg001/N128s040a06370g001/x2.npz,0
138,0.638,-0.07899099066683994,0.3742836096986725,pathfollow_fftg001/N128s040a06380g001/x2.npz,0
139,0.639,-0.07915681572303859,0.3742543852130859,pathfollow_fftg001/N128s040a06390g001/x2.npz,0
140,0.64,-0.07932235736949532,0.37422735416789593,pathfollow_fftg001/N128s040a06400g001/x2.npz,0
141,0.641,-0.07948760436742446,0.3742025188094729,pathfollow_fftg001/N128s040a06410g001/x2.npz,0
142,0.642,-0.0796525474152875,0.37417988999560675,pathfollow_fftg001/N128s040a06420g001/x2.npz,0
143,0.643,-0.07981717946476401,0.3741594883491694,pathfollow_fftg001/N128s040a06430g001/x2.npz,0
144,0.644,-0.07998149595042783,0.37414134509446584,pathfollow_fftg001/N128s040a06440g001/x2.npz,0
145,0.645,-0.08014549493162258,0.3741255025671045,pathfollow_fftg001/N128s040a06450g001/x2.npz,0
146,0.646,-0.08030917714570292,0.3741120143898938,pathfollow_fftg001/N128s040a06460g001/x2.npz,0
147,0.647,-0.08047254597164513,0.3741009453068958,pathfollow_fftg001/N128s040a06470g001/x2.npz,0
148,0.648,-0.08063560730300079,0.3740923706669894,pathfollow_fftg001/N128s040a06480g001/x2.npz,0
149,0.649,-0.0807983693296287,0.3740863755474284,pathfollow_fftg001/N128s040a06490g001/x2.npz,0
150,0.65,-0.08096084222956258,0.3740830535196624,pathfollow_fftg001/N128s040a06500g001/x2.npz,0
151,0.651,-0.08112303777476869,0.3740825050606798,pathfollow_fftg001/N128s040a06510g001/x2.npz,0
152,0.652,-0.08128496885818144,0.37408483563475947,pathfollow_fftg001/N128s040a06520g001/x2.npz,0
153,0.653,-0.081446648955708,0.37409015349590163,pathfollow_fftg001/N128s040a06530g001/x2.npz,0
154,0.654,-0.08160809154066231,0.3740985672704867,pathfollow_fftg001/N128s040a06540g001/x2.npz,0
155,0.655,-0.08176930947640536,0.3741101834336995,pathfollow_fftg001/N128s040a06550g001/x2.npz,0
156,0.656,-0.08193031441562325,0.37412510379223946,pathfollow_fftg001/N128s040a06560g001/x2.npz,0
157,0.657,-0.08209111623930761,0.3741434231216449,pathfollow_fftg001/N128s040a06570g001/x2.npz,0
158,0.658,-0.08225172256914841,0.3741652271118256,pathfollow_fftg001/N128s040a06580g001/x2.npz,0
159,0.659,-0.08241213838355602,0.37419059076250916,pathfollow_fftg001/N128s040a06590g001/x2.npz,0
160,0.66,-0.0825723657631754,0.37421957736024297,pathfollow_fftg001/N128s040a06600g001/x2.npz,0
161,0.661,-0.08273240378206191,0.3742522381223923,pathfollow_fftg001/N128s040a06610g001/x2.npz,0
162,0.662,-0.08289224855120446,0.3742886125582201,pathfollow_fftg001/N128s040a06620g001/x2.npz,0
163,0.663,-0.08305189340967073,0.374328729537249,pathfollow_fftg001/N128s040a06630g001/x2.npz,0
164,0.664,-0.08321132924893967,0.3743726090131653,pathfollow_fftg001/N128s040a06640g001/x2.npz,0
165,0.665,-0.08337054494773724,0.3744202643070404,pathfollow_fftg001/N128s040a06650g001/x2.npz,0
166,0.666,-0.08352952788997742,0.3744717048253019,pathfollow_fftg001/N128s040a06660g001/x2.npz,0
167,0.667,-0.08368826453532646,0.3745269390726066,pathfollow_fftg001/N128s040a06670g001/x2.npz,0
168,0.668,-0.08384674101414082,0.3745859778221446,pathfollow_fftg001/N128s040a06680g001/x2.npz,0
169,0.669,-0.08400494371970373,0.3746488373125888,pathfollow_fftg001/N128s040a06690g001/x2.npz,0
170,0.67,-0.08416285987615968,0.374715542362312,pathfollow_fftg001/N128s040a06700g001/x2.npz,0
171,0.671,-0.08432047806496817,0.3747861293143044,pathfollow_fftg001/N128s040a06710g001/x2.npz,0
172,0.672,-0.08447778869687611,0.3748606487432581,pathfollow_fftg001/N128s040a06720g001/x2.npz,0
173,0.673,-0.08463478442085029,0.37493916788566856,pathfollow_fftg001/N128s040a06730g001/x2.npz,0
174,0.674,-0.08479146046336163,0.37502177274113685,pathfollow_fftg001/N128s040a06740g001/x2.npz,0
175,0.675,-0.08494781489395577,0.375108569850388,pathfollow_fftg001/N128s040a06750g001/x2.npz,0
176,0.6759999999999999,-0.08510384881296854,0.37519968769921075,pathfollow_fftg001/N128s040a06760g001/x2.npz,0
177,0.677,-0.08525956645672625,0.3752952777341285,pathfollow_fftg001/N128s040a06770g001/x2.npz,0
178,0.6779999999999999,-0.08541497521679063,0.3753955149693683,pathfollow_fftg001/N128s040a06780g001/x2.npz,0
179,0.679,-0.08557008556690408,0.37550059813645736,pathfollow_fftg001/N128s040a06790g001/x2.npz,0
180,0.6799999999999999,-0.0857249108925249,0.3756107493444147,pathfollow_fftg001/N128s040a06800g001/x2.npz,0
181,0.681,-0.08587946721821815,0.3757262132112054,pathfollow_fftg001/N128s040a06810g001/x2.npz,0
182,0.6819999999999999,-0.08603377282976916,0.37584725543420316,pathfollow_fftg001/N128s040a06820g001/x2.npz,0
183,0.683,-0.08618784779162135,0.37597416078633294,pathfollow_fftg001/N128s040a06830g001/x2.npz,0
184,0.6839999999999999,-0.08634171336493565,0.3761072305499718,pathfollow_fftg001/N128s040a06840g001/x2.npz,0
185,0.685,-0.08649539133871896,0.37624677944432433,pathfollow_fftg001/N128s040a06850g001/x2.npz,0
186,0.6859999999999999,-0.0866489032939284,0.37639313214773695,pathfollow_fftg001/N128s040a06860g001/x2.npz,0
187,0.687,-0.0868022698294168,0.37654661957903457,pathfollow_fftg001/N128s040a06870g001/x2.npz,0
188,0.688,-0.08695550978595222,0.3767075751541431,pathfollow_fftg001/N128s040a06880g001/x2.npz,0
189,0.6890000000000001,-0.08710863951136463,0.376876331295772,pathfollow_fftg001/N128s040a06890g001/x2.npz,0
190,0.69,-0.0872616722127318,0.37705321650293744,pathfollow_fftg001/N128s040a06900g001/x2.npz,0
191,0.6910000000000001,-0.08741461744085026,0.37723855330890455,pathfollow_fftg001/N128s040a06910g001/x2.npz,0
192,0.692,-0.08756748074729273,0.3774326574428653,pathfollow_fftg001/N128s040a06920g001/x2.npz,0
193,0.6930000000000001,-0.0877202635442056,0.3776358384704445,pathfollow_fftg001/N128s040a06930g001/x2.npz,0
194,0.694,-0.08787296318437313,0.3778484021174557,pathfollow_fftg001/N128s040a06940g001/x2.npz,0
195,0.6950000000000001,-0.08802557326440198,0.378070654418063,pathfollow_fftg001/N128s040a06950g001/x2.npz,0
196,0.696,-0.0881780841385389,0.37830290772216923,pathfollow_fftg001/N128s040a06960g001/x2.npz,0
197,0.6970000000000001,-0.08833048361861529,0.3785454885446534,pathfollow_fftg001/N128s040a06970g001/x2.npz,0
198,0.698,-0.08848275782609813,0.37879874717983,pathfollow_fftg001/N128s040a06980g001/x2.npz,0
199,0.6990000000000001,-0.08863489215750096,0.37906306899004116,pathfollow_fftg001/N128s040a06990g001/x2.npz,0
200,0.7,-0.08878687232355291,0.3793388872923349,pathfollow_fftg001/N128s040a07000g001/x2.npz,0
201,0.7010000000000001,-0.0889386854260661,0.37962669782126923,pathfollow_fftg001/N128s040a07010g001/x2.npz,0
202,0.702,-0.08909032104105467,0.3799270748244242,pathfollow_fftg001/N128s040a07020g001/x2.npz,0
203,0.7030000000000001,-0.08924177228330157,0.38024068895270663,pathfollow_fftg001/N128s040a07030g001/x2.npz,0
204,0.704,-0.08939303683362079,0.3805683272374371,pathfollow_fftg001/N128s040a07040g001/x2.npz,0
205,0.7050000000000001,-0.08954411791337058,0.3809109155857908,pathfollow_fftg001/N128s040a07050g001/x2.npz,0
206,0.706,-0.08969502519287849,0.38126954439301547,pathfollow_fftg001/N128s040a07060g001/x2.npz,0
207,0.7070000000000001,-0.08984577561975401,0.38164549807794423,pathfollow_fftg001/N128s040a07070g001/x2.npz,0
208,0.708,-0.08999639414472994,0.38204028957069974,pathfollow_fftg001/N128s040a07080g001/x2.npz,0
209,0.709,-0.09014691431928606,0.38245570116299293,pathfollow_fftg001/N128s040a07090g001/x2.npz,0
210,0.71,-0.09029737872105924,0.3828938335462663,pathfollow_fftg001/N128s040a07100g001/x2.npz,0
211,0.711,-0.09044783915195029,0.38335716563716066,pathfollow_fftg001/N128s040a07110g001/x2.npz,0
212,0.712,-0.09059835652695647,0.38384862883501464,pathfollow_fftg001/N128s040a07120g001/x2.npz,0
213,0.713,-0.0907490003485895,0.3843717010741328,pathfollow_fftg001/N128s040a07130g001/x2.npz,0
214,0.714,-0.09089984759296939,0.38493052866267385,pathfollow_fftg001/N128s040a07140g001/x2.npz,0
215,0.715,-0.09105098074504853,0.38553008796014626,pathfollow_fftg001/N128s040a07150g001/x2.npz,0
216,0.716,-0.07670447584480769,0.45442360639794754,pathfollow_fftg001/N128s040a07160g001/x3.npz,0
217,0.717,-0.0913544397837765,0.3868768577970356,pathfollow_fftg001/N128s040a07170g001/x2.npz,0
218,0.718,-0.09150691361530497,0.3876405999977778,pathfollow_fftg001/N128s040a07180g001/x2.npz,0
219,0.719,-0.09165993810154105,0.38847913603673073,pathfollow_fftg001/N128s040a07190g001/x2.npz,0
220,0.72,-0.09181346826792713,0.38940706209981507,pathfollow_fftg001/N128s040a07200g001/x2.npz,0
221,0.721,-0.09196729220740787,0.39044283679679587,pathfollow_fftg001/N128s040a07210g001/x2.npz,0
222,0.722,-0.0921208420437685,0.39160898113936754,pathfollow_fftg001/N128s040a07220g001/x2.npz,0
223,0.723,-0.09227282445472529,0.3929298435149028,pathfollow_fftg001/N128s040a07230g001/x2.npz,0
224,0.724,-0.09242065316270746,0.3944229697925898,pathfollow_fftg001/N128s040a07240g001/x2.npz,0
225,0.725,-0.09256009010580032,0.39608134338170736,pathfollow_fftg001/N128s040a07250g001/x2.npz,0
226,0.726,-0.09268616114808519,0.39785795724714246,pathfollow_fftg001/N128s040a07260g001/x2.npz,0
227,0.727,-0.09279565933102461,0.39968148763764033,pathfollow_fftg001/N128s040a07270g001/x2.npz,0
228,0.728,-0.09288878923838345,0.4015038246476381,pathfollow_fftg001/N128s040a07280g001/x2.npz,0
229,0.729,-0.09296794721767963,0.40333472130544074,pathfollow_fftg001/N128s040a07290g001/x3.npz,0
230,0.73,-0.09303543744869953,0.405246805781017,pathfollow_fftg001/N128s040a07300g001/x3.npz,0
231,0.731,-0.09309135845749453,0.40743916687343873,pathfollow_fftg001/N128s040a07310g001/x4.npz,0
0,0.413,-0.02786613450698582,0.3637548955421377,pathfollow_fftg001/N128s040a04130g001/x3.npz,1
1,0.414,-0.02864672618331455,0.3662584890890138,pathfollow_fftg001/N128s040a04140g001/x3.npz,1
2,0.415,-0.029251034745406516,0.3681008662974419,pathfollow_fftg001/N128s040a04150g001/x3.npz,1
3,0.416,-0.029803398740872566,0.3697254870137959,pathfollow_fftg001/N128s040a04160g001/x2.npz,1
4,0.417,-0.030328050275465014,0.37122180456686155,pathfollow_fftg001/N128s040a04170g001/x2.npz,1
5,0.418,-0.030829268149796595,0.3726054193779042,pathfollow_fftg001/N128s040a04180g001/x2.npz,1
6,0.419,-0.031306716672891206,0.3738753860022645,pathfollow_fftg001/N128s040a04190g001/x2.npz,1
7,0.42,-0.031760750311508996,0.3750345693528388,pathfollow_fftg001/N128s040a04200g001/x2.npz,1
8,0.421,-0.032193051519945844,0.37609159646737766,pathfollow_fftg001/N128s040a04210g001/x2.npz,1
9,0.422,-0.0326060658234887,0.37705807259739815,pathfollow_fftg001/N128s040a04220g001/x2.npz,1
10,0.423,-0.03300239704779,0.3779459141905432,pathfollow_fftg001/N128s040a04230g001/x2.npz,1
11,0.424,-0.033384454734904236,0.3787659097277525,pathfollow_fftg001/N128s040a04240g001/x2.npz,1
12,0.425,-0.0337543179907342,0.37952723885810147,pathfollow_fftg001/N128s040a04250g001/x2.npz,1
13,0.426,-0.034113720096979175,0.3802374890855919,pathfollow_fftg001/N128s040a04260g001/x2.npz,1
14,0.427,-0.034464084308603156,0.3809028631262386,pathfollow_fftg001/N128s040a04270g001/x2.npz,1
15,0.428,-0.03480657408684467,0.3815284255817524,pathfollow_fftg001/N128s040a04280g001/x2.npz,1
16,0.429,-0.03514214186850069,0.3821183287571084,pathfollow_fftg001/N128s040a04290g001/x2.npz,1
17,0.43,-0.03547157094105022,0.3826760003728105,pathfollow_fftg001/N128s040a04300g001/x2.npz,1
18,0.431,-0.03579550952826612,0.38320429317110155,pathfollow_fftg001/N128s040a04310g001/x2.npz,1
19,0.432,-0.03611449787525931,0.38370560204348864,pathfollow_fftg001/N128s040a04320g001/x2.npz,1
20,0.433,-0.03642898956110407,0.3841819552018528,pathfollow_fftg001/N128s040a04330g001/x2.npz,1
21,0.434,-0.03673936823739317,0.3846350852020594,pathfollow_fftg001/N128s040a04340g001/x2.npz,1
22,0.435,-0.03704596080248352,0.38506648450039255,pathfollow_fftg001/N128s040a04350g001/x2.npz,1
23,0.436,-0.03734904781597824,0.38547744916495524,pathfollow_fftg001/N128s040a04360g001/x2.npz,1
24,0.437,-0.03764887177665956,0.3858691134900798,pathfollow_fftg001/N128s040a04370g001/x2.npz,1
25,0.438,-0.037945643736329096,0.386242477579067,pathfollow_fftg001/N128s040a04380g001/x2.npz,1
26,0.439,-0.038239548612571714,0.38659842945640593,pathfollow_fftg001/N128s040a04390g001/x2.npz,1
27,0.44,-0.038530749472199394,0.3869377628843203,pathfollow_fftg001/N128s040a04400g001/x2.npz,1
28,0.441,-0.03881939099435646,0.38726119178186796,pathfollow_fftg001/N128s040a04410g001/x2.npz,1
29,0.442,-0.03910560227183594,0.38756936193735353,pathfollow_fftg001/N128s040a04420g001/x2.npz,1
30,0.443,-0.039389499079179026,0.38786286055440866,pathfollow_fftg001/N128s040a04430g001/x2.npz,1
31,0.444,-0.039671185688140875,0.38814222405551085,pathfollow_fftg001/N128s040a04440g001/x2.npz,1
32,0.445,-0.03995075633426906,0.38840794449525823,pathfollow_fftg001/N128s040a04450g001/x2.npz,1
33,0.446,-0.04022829637100583,0.38866047486199307,pathfollow_fftg001/N128s040a04460g001/x2.npz,1
34,0.447,-0.04050388318236973,0.38890023351062725,pathfollow_fftg001/N128s040a04470g001/x2.npz,1
35,0.448,-0.04077758689488288,0.3891276079311284,pathfollow_fftg001/N128s040a04480g001/x2.npz,1
36,0.449,-0.04104947093454645,0.3893429580258018,pathfollow_fftg001/N128s040a04490g001/x2.npz,1
37,0.45,-0.04131959246973981,0.3895466190475359,pathfollow_fftg001/N128s040a04500g001/x2.npz,1
38,0.45099999999999996,-0.0415880027801476,0.3897389043214689,pathfollow_fftg001/N128s040a04510g001/x2.npz,1
39,0.45199999999999996,-0.04185474758871416,0.38992010784964376,pathfollow_fftg001/N128s040a04520g001/x2.npz,1
40,0.45299999999999996,-0.042119867392512556,0.3900905068693667,pathfollow_fftg001/N128s040a04530g001/x2.npz,1
41,0.45399999999999996,-0.0423833978234655,0.3902503644071849,pathfollow_fftg001/N128s040a04540g001/x2.npz,1
42,0.45499999999999996,-0.04264537006478845,0.3903999318380829,pathfollow_fftg001/N128s040a04550g001/x2.npz,1
43,0.45599999999999996,-0.04290581134164149,0.3905394514390503,pathfollow_fftg001/N128s040a04560g001/x2.npz,1
44,0.45699999999999996,-0.04316474549628346,0.39066915888313786,pathfollow_fftg001/N128s040a04570g001/x2.npz,1
45,0.45799999999999996,-0.04342219364819464,0.3907892856206369,pathfollow_fftg001/N128s040a04580g001/x2.npz,1
46,0.45899999999999996,-0.04367817493047095,0.3909000610632132,pathfollow_fftg001/N128s040a04590g001/x2.npz,1
47,0.45999999999999996,-0.04393270728470992,0.3910017144895518,pathfollow_fftg001/N128s040a04600g001/x2.npz,1
48,0.46099999999999997,-0.044185808289087795,0.39109447659112123,pathfollow_fftg001/N128s040a04610g001/x2.npz,1
49,0.46199999999999997,-0.04443749598852736,0.3911785805869175,pathfollow_fftg001/N128s040a04620g001/x2.npz,1
50,0.46299999999999997,-0.04468778969208723,0.3912542628519674,pathfollow_fftg001/N128s040a04630g001/x2.npz,1
51,0.46399999999999997,-0.04493671070076394,0.3913217630246359,pathfollow_fftg001/N128s040a04640g001/x2.npz,1
52,0.46499999999999997,-0.04518428292861529,0.3913813235802742,pathfollow_fftg001/N128s040a04650g001/x2.npz,1
53,0.46599999999999997,-0.045430533380927854,0.39143318888265327,pathfollow_fftg001/N128s040a04660g001/x2.npz,1
54,0.46699999999999997,-0.0456754924548673,0.3914776037486016,pathfollow_fftg001/N128s040a04670g001/x2.npz,1
55,0.46799999999999997,-0.04591919403066298,0.39151481158703594,pathfollow_fftg001/N128s040a04680g001/x2.npz,1
56,0.469,-0.04616167532521703,0.39154505219833985,pathfollow_fftg001/N128s040a04690g001/x2.npz,1
57,0.47,-0.046402976485800336,0.3915685593490412,pathfollow_fftg001/N128s040a04700g001/x2.npz,1
58,0.471,-0.04664313991154344,0.39158555826466046,pathfollow_fftg001/N128s040a04710g001/x2.npz,1
59,0.472,-0.046882209304558074,0.3915962632165199,pathfollow_fftg001/N128s040a04720g001/x2.npz,1
60,0.473,-0.04712022847357481,0.391600875393466,pathfollow_fftg001/N128s040a04730g001/x2.npz,1
61,0.474,-0.04735723994048068,0.39159958127526784,pathfollow_fftg001/N128s040a04740g001/x2.npz,1
62,0.475,-0.047593283431835325,0.3915925517074824,pathfollow_fftg001/N128s040a04750g001/x2.npz,1
63,0.476,-0.047828394369900544,0.3915799418494,pathfollow_fftg001/N128s040a04760g001/x2.npz,1
64,0.477,-0.04806260250353419,0.39156189209757997,pathfollow_fftg001/N128s040a04770g001/x2.npz,1
65,0.478,-0.04829593083049808,0.3915385299898609,pathfollow_fftg001/N128s040a04780g001/x2.npz,1
66,0.479,-0.048528394952048706,0.3915099729764247,pathfollow_fftg001/N128s040a04790g001/x2.npz,1
67,0.48,-0.04876000296465959,0.3914763318262025,pathfollow_fftg001/N128s040a04800g001/x2.npz,1
68,0.481,-0.048990755935379375,0.3914377143432415,pathfollow_fftg001/N128s040a04810g001/x2.npz,1
69,0.482,-0.04922064893623272,0.39139422902076915,pathfollow_fftg001/N128s040a04820g001/x2.npz,1
70,0.483,-0.0494496725436524,0.39134598827238665,pathfollow_fftg001/N128s040a04830g001/x2.npz,1
71,0.484,-0.04967781465558963,0.3912931109470506,pathfollow_fftg001/N128s040a04840g001/x2.npz,1
72,0.485,-0.0499050624518465,0.3912357239403387,pathfollow_fftg001/N128s040a04850g001/x2.npz,1
73,0.486,-0.05013140432477226,0.39117396283413114,pathfollow_fftg001/N128s040a04860g001/x2.npz,1
74,0.487,-0.05035683163307155,0.3911079716061405,pathfollow_fftg001/N128s040a04870g001/x2.npz,1
75,0.488,-0.05058134017111291,0.39103790153286205,pathfollow_fftg001/N128s040a04880g001/x2.npz,1
76,0.489,-0.050804931288488994,0.39096390945713333,pathfollow_fftg001/N128s040a04890g001/x2.npz,1
77,0.49,-0.051027612631465685,0.3908861556099222,pathfollow_fftg001/N128s040a04900g001/x2.npz,1
78,0.491,-0.051249398503396756,0.39080480117078636,pathfollow_fftg001/N128s040a04910g001/x2.npz,1
79,0.492,-0.05147030985295606,0.39072000573524257,pathfollow_fftg001/N128s040a04920g001/x2.npz,1
80,0.493,-0.05169037390382529,0.390631924840133,pathfollow_fftg001/N128s040a04930g001/x2.npz,1
81,0.494,-0.05190962343581222,0.3905407076870354,pathfollow_fftg001/N128s040a04940g001/x2.npz,1
82,0.495,-0.05212809572571749,0.3904464951870381,pathfollow_fftg001/N128s040a04950g001/x2.npz,1
83,0.496,-0.05234583116190038,0.39034941845525656,pathfollow_fftg001/N128s040a04960g001/x2.npz,1
84,0.497,-0.05256287156246059,0.3902495978645783,pathfollow_fftg001/N128s040a04970g001/x2.npz,1
85,0.498,-0.05277925825835306,0.3901471427512892,pathfollow_fftg001/N128s040a04980g001/x2.npz,1
86,0.499,-0.05299503004631759,0.39004215182354834,pathfollow_fftg001/N128s040a04990g001/x2.npz,1
87,0.5,-0.05321022116501647,0.3899347142624448,pathfollow_fftg001/N128s040a05000g001/x2.npz,1
0,0.4128232070392913,-0.02766613450698582,0.3630941901978246,pathfollow_fftg001/N128s040a04130g001v1/x2.npz,2
1,0.41268424741426063,-0.02746613450698582,0.3624308454242115,pathfollow_fftg001/N128s040a04130g001v2/x2.npz,2
2,0.41258338007217243,-0.027266134506985822,0.3617700820539823,pathfollow_fftg001/N128s040a04130g001v3/x2.npz,2
3,0.41251828200571605,-0.027066134506985823,0.3611188312737619,pathfollow_fftg001/N128s040a04130g001v4/x2.npz,2
4,0.4124836870134446,-0.026866134506985825,0.36048563659326627,pathfollow_fftg001/N128s040a04130g001v5/x2.npz,2
5,0.4124715090240604,-0.026666134506985826,0.3598801200379828,pathfollow_fftg001/N128s040a04130g001v6/x2.npz,2
6,0.4124721340389934,-0.026466134506985827,0.35931195176035824,pathfollow_fftg001/N128s040a04130g001v7/x2.npz,2
7,0.41247698655700477,-0.02626613450698583,0.3587897128205919,pathfollow_fftg001/N128s040a04130g001v8/x2.npz,2
8,0.41248072206224345,-0.02606613450698583,0.35832075174104555,pathfollow_fftg001/N128s040a04130g001v9/x2.npz,2
9,0.41247929296594243,-0.02586613450698583,0.3579130786859998,pathfollow_fftg001/N128s040a04130g001v10/x2.npz,2
10,0.41246104234373526,-0.025666134506985832,0.35757834605353417,pathfollow_fftg001/N128s040a04130g001v11/x2.npz,2
11,0.412393719295775,-0.025466134506985833,0.3573321924300786,pathfollow_fftg001/N128s040a04130g001v12/x2.npz,2
12,0.41221708068030394,-0.025266134506985834,0.3571881604042531,pathfollow_fftg001/N128s040a04130g001v13/x2.npz,2
13,0.4118531141247789,-0.025066134506985836,0.3571458375848738,pathfollow_fftg001/N128s040a04130g001v14/x2.npz,2
14,0.41124361055688397,-0.024866134506985837,0.35718027052103624,pathfollow_fftg001/N128s040a04130g001v15/x3.npz,2
15,0.4104063670077026,-0.024666134506985838,0.35724524379626643,pathfollow_fftg001/N128s040a04130g001v16/x3.npz,2
16,0.40948466436094066,-0.02446613450698584,0.35729955472812286,pathfollow_fftg001/N128s040a04130g001v17/x3.npz,2
17,0.40866102694167,-0.02426613450698584,0.3573442175357659,pathfollow_fftg001/N128s040a04130g001v18/x3.npz,2
18,0.4080261895764498,-0.02406613450698584,0.35741423518799215,pathfollow_fftg001/N128s040a04130g001v19/x3.npz,2
19,0.4075806472376879,-0.023866134506985843,0.3575501274109441,pathfollow_fftg001/N128s040a04130g001v20/x3.npz,2
20,0.4072519092720679,-0.023666134506985844,0.3577861328254334,pathfollow_fftg001/N128s040a04130g001v21/x3.npz,2
21,0.4069010267687392,-0.023466134506985845,0.3581333581100126,pathfollow_fftg001/N128s040a04130g001v22/x3.npz,2
22,0.4063825912220847,-0.023266134506985846,0.35856868834206307,pathfollow_fftg001/N128s040a04130g001v23/x3.npz,2
23,0.40560858678134953,-0.023066134506985848,0.3590485871973077,pathfollow_fftg001/N128s040a04130g001v24/x3.npz,2
24,0.40456415503817594,-0.02286613450698585,0.359528526925024,pathfollow_fftg001/N128s040a04130g001v25/x3.npz,2
25,0.4033033824094053,-0.02266613450698585,0.35997206536881515,pathfollow_fftg001/N128s040a04130g001v26/x3.npz,2
26,0.40195218967211266,-0.02246613450698585,0.3603611780359622,pathfollow_fftg001/N128s040a04130g001v27/x3.npz,2
27,0.4006734240482244,-0.022266134506985853,0.36071794580752065,pathfollow_fftg001/N128s040a04130g001v28/x3.npz,2
28,0.3995629603043239,-0.022066134506985854,0.3610979795139498,pathfollow_fftg001/N128s040a04130g001v29/x3.npz,2
29,0.3985991093996716,-0.021866134506985855,0.3615387648666603,pathfollow_fftg001/N128s040a04130g001v30/x3.npz,2
30,0.39768893101965375,-0.021666134506985856,0.3620385491145117,pathfollow_fftg001/N128s040a04130g001v31/x3.npz,2
31,0.3967325780109361,-0.021466134506985857,0.36257595391787745,pathfollow_fftg001/N128s040a04130g001v32/x3.npz,2
32,0.39565945570053523,-0.02126613450698586,0.3631293830889538,pathfollow_fftg001/N128s040a04130g001v33/x3.npz,2
33,0.3944320679872155,-0.02106613450698586,0.36368324730289997,pathfollow_fftg001/N128s040a04130g001v34/x3.npz,2
34,0.3930384981210003,-0.02086613450698586,0.3642259083762304,pathfollow_fftg001/N128s040a04130g001v35/x2.npz,2
35,0.39149373282821,-0.020666134506985862,0.3647472166296819,pathfollow_fftg001/N128s040a04130g001v36/x2.npz,2
36,0.3898491473146565,-0.020466134506985863,0.3652359645317651,pathfollow_fftg001/N128s040a04130g001v37/x2.npz,2
37,0.3881940749981931,-0.020266134506985865,0.3656882466754735,pathfollow_fftg001/N128s040a04130g001v38/x3.npz,2
38,0.3866139995574845,-0.020066134506985866,0.36611644049742703,pathfollow_fftg001/N128s040a04130g001v39/x3.npz,2
39,0.38513207622955614,-0.019866134506985867,0.36654476313941076,pathfollow_fftg001/N128s040a04130g001v40/x3.npz,2
40,0.3837225977539346,-0.019666134506985868,0.36698941705600147,pathfollow_fftg001/N128s040a04130g001v41/x3.npz,2
41,0.3823453661509441,-0.01946613450698587,0.36745339652070785,pathfollow_fftg001/N128s040a04130g001v42/x3.npz,2
42,0.38095993728436695,-0.01926613450698587,0.3679330311902608,pathfollow_fftg001/N128s040a04130g001v43/x2.npz,2
43,0.37953052164031525,-0.019066134506985872,0.36842440067839494,pathfollow_fftg001/N128s040a04130g001v44/x2.npz,2
44,0.37802648896060803,-0.018866134506985873,0.3689246045851891,pathfollow_fftg001/N128s040a04130g001v45/x2.npz,2
45,0.37642206162708836,-0.018666134506985874,0.36943182244174533,pathfollow_fftg001/N128s040a04130g001v46/x2.npz,2
46,0.374695924469474,-0.018466134506985876,0.36994370684190947,pathfollow_fftg001/N128s040a04130g001v47/x2.npz,2
47,0.3728360769915807,-0.018266134506985877,0.3704551270809315,pathfollow_fftg001/N128s040a04130g001v48/x2.npz,2
48,0.370853877435009,-0.018066134506985878,0.3709567627391566,pathfollow_fftg001/N128s040a04130g001v49/x2.npz,2
49,0.36879670700452216,-0.01786613450698588,0.37144021076657296,pathfollow_fftg001/N128s040a04130g001v50/x2.npz,2
50,0.3667337753619313,-0.01766613450698588,0.3719089584642973,pathfollow_fftg001/N128s040a04130g001v51/x3.npz,2
51,0.36472447974559274,-0.01746613450698588,0.37237596665058725,pathfollow_fftg001/N128s040a04130g001v52/x3.npz,2
52,0.36279266450929404,-0.017266134506985883,0.3728506199168848,pathfollow_fftg001/N128s040a04130g001v53/x3.npz,2
53,0.36092568586157664,-0.017066134506985884,0.37333471430248927,pathfollow_fftg001/N128s040a04130g001v54/x2.npz,2
54,0.3590866848782051,-0.016866134506985885,0.37382834949455285,pathfollow_fftg001/N128s040a04130g001v55/x2.npz,2
55,0.35722813127655256,-0.016666134506985886,0.3743333924669609,pathfollow_fftg001/N128s040a04130g001v56/x2.npz,2
56,0.3552944371950127,-0.016466134506985888,0.37485448834075835,pathfollow_fftg001/N128s040a04130g001v57/x2.npz,2
57,0.3532178785665344,-0.01626613450698589,0.37539898237769403,pathfollow_fftg001/N128s040a04130g001v58/x2.npz,2
58,0.3509126595186274,-0.01606613450698589,0.3759751242188776,pathfollow_fftg001/N128s040a04130g001v59/x3.npz,2
59,0.34829004903418564,-0.01586613450698589,0.3765862993170036,pathfollow_fftg001/N128s040a04130g001v60/x3.npz,2
60,0.3453777260667522,-0.015666134506985892,0.37721845431195344,pathfollow_fftg001/N128s040a04130g001v61/x3.npz,2
61,0.34242118049355863,-0.015466134506985892,0.37784661662806424,pathfollow_fftg001/N128s040a04130g001v62/x3.npz,2
62,0.3396127406682796,-0.015266134506985891,0.37846213728479117,pathfollow_fftg001/N128s040a04130g001v63/x3.npz,2
63,0.33693618130581965,-0.015066134506985891,0.3790718617532445,pathfollow_fftg001/N128s040a04130g001v64/x3.npz,2
64,0.3342781707146494,-0.01486613450698589,0.3796866494662093,pathfollow_fftg001/N128s040a04130g001v65/x3.npz,2
65,0.33147363429701715,-0.01466613450698589,0.38031793002854397,pathfollow_fftg001/N128s040a04130g001v66/x3.npz,2
66,0.3282991608746673,-0.01446613450698589,0.3809705683608397,pathfollow_fftg001/N128s040a04130g001v67/x3.npz,2
67,0.32462344194527837,-0.014266134506985889,0.3816200718656894,pathfollow_fftg001/N128s040a04130g001v68/x3.npz,2
68,0.32079703189659164,-0.014066134506985888,0.38222382844904484,pathfollow_fftg001/N128s040a04130g001v69/x3.npz,2
69,0.31718363577019054,-0.013866134506985888,0.38278589782636707,pathfollow_fftg001/N128s040a04130g001v70/x3.npz,2
70,0.3137261194615247,-0.013666134506985887,0.38332210702496045,pathfollow_fftg001/N128s040a04130g001v71/x3.npz,2
71,0.31020633801864145,-0.013466134506985887,0.38382596309261446,pathfollow_fftg001/N128s040a04130g001v72/x3.npz,2
72,0.3064116808868863,-0.013266134506985886,0.384273865345939,pathfollow_fftg001/N128s040a04130g001v73/x3.npz,2
73,0.30228163733614183,-0.013066134506985886,0.38464651553866436,pathfollow_fftg001/N128s040a04130g001v74/x3.npz,2
74,0.29787482370298834,-0.012866134506985885,0.3849330755164198,pathfollow_fftg001/N128s040a04130g001v75/x3.npz,2
75,0.2931105440785363,-0.012666134506985885,0.3851039740839471,pathfollow_fftg001/N128s040a04130g001v76/x3.npz,2
76,0.28765736196486097,-0.012466134506985884,0.3851483401892054,pathfollow_fftg001/N128s040a04130g001v77/x3.npz,2
77,0.2805970890444806,-0.012266134506985884,0.3852435926364651,pathfollow_fftg001/N128s040a04130g001v78/x3.npz,2
0,0.2711,-0.012640666864732693,0.3868506288015131,pathfollow_fftg001/N128s040a02711g001/x3.npz,3
1,0.2721,-0.012383824469169875,0.3861558762151047,pathfollow_fftg001/N128s040a02721g001/x2.npz,3
2,0.2731,-0.012298836631338503,0.3858760486136329,pathfollow_fftg001/N128s040a02731g001/x2.npz,3
3,0.2741,-0.012254096315360074,0.3856954189980065,pathfollow_fftg001/N128s040a02741g001/x2.npz,3
4,0.2751,-0.012230448316058067,0.38556726148968573,pathfollow_fftg001/N128s040a02751g001/x2.npz,3
5,0.2761,-0.012220349962535508,0.38547213819133025,pathfollow_fftg001/N128s040a02761g001/x2.npz,3
6,0.2771,-0.012219910447210299,0.3853993737733722,pathfollow_fftg001/N128s040a02771g001/x2.npz,3
7,0.2781,-0.012226768295653851,0.38534232282561737,pathfollow_fftg001/N128s040a02781g001/x2.npz,3
8,0.2791,-0.012239320111532547,0.3852966768950097,pathfollow_fftg001/N128s040a02791g001/x2.npz,3
0,0.27107474115266444,-0.012840666864732694,0.38733789325968404,pathfollow_fftg001/N128s040a02711g001v1/x2.npz,4
1,0.2713326408792106,-0.013040666864732695,0.38781217692366254,pathfollow_fftg001/N128s040a02711g001v2/x2.npz,4
2,0.27176054672336425,-0.013240666864732695,0.3882857728520221,pathfollow_fftg001/N128s040a02711g001v3/x2.npz,4
3,0.2722987192382184,-0.013440666864732696,0.3887656569065783,pathfollow_fftg001/N128s040a02711g001v4/x2.npz,4
4,0.27291179052704456,-0.013640666864732696,0.3892560299483323,pathfollow_fftg001/N128s040a02711g001v5/x2.npz,4
5,0.2735770827951633,-0.013840666864732697,0.38975945224715003,pathfollow_fftg001/N128s040a02711g001v6/x2.npz,4
6,0.2742792457808768,-0.014040666864732697,0.3902774144608611,pathfollow_fftg001/N128s040a02711g001v7/x2.npz,4
7,0.27500748744540077,-0.014240666864732698,0.3908106698917713,pathfollow_fftg001/N128s040a02711g001v8/x2.npz,4
8,0.2757540094818376,-0.014440666864732698,0.39135944940298745,pathfollow_fftg001/N128s040a02711g001v9/x2.npz,4
9,0.2765130609296864,-0.014640666864732699,0.39192361045874097,pathfollow_fftg001/N128s040a02711g001v10/x2.npz,4
10,0.2772803346471106,-0.0148406668647327,0.3925027450496738,pathfollow_fftg001/N128s040a02711g001v11/x2.npz,4
11,0.27805256607145973,-0.0150406668647327,0.3930962599591986,pathfollow_fftg001/N128s040a02711g001v12/x2.npz,4
12,0.2788272573455059,-0.0152406668647327,0.39370343749565206,pathfollow_fftg001/N128s040a02711g001v13/x2.npz,4
13,0.2796024823098627,-0.0154406668647327,0.3943234819648116,pathfollow_fftg001/N128s040a02711g001v14/x2.npz,4
14,0.28037674541358043,-0.0156406668647327,0.3949555554957371,pathfollow_fftg001/N128s040a02711g001v15/x2.npz,4
15,0.2811488776114485,-0.0158406668647327,0.3955988057624091,pathfollow_fftg001/N128s040a02711g001v16/x2.npz,4
16,0.28191795825992,-0.016040666864732697,0.3962523874467167,pathfollow_fftg001/N128s040a02711g001v17/x2.npz,4
17,0.28268325568939595,-0.016240666864732696,0.3969154788087845,pathfollow_fftg001/N128s040a02711g001v18/x2.npz,4
18,0.28344418143993266,-0.016440666864732695,0.3975872944055471,pathfollow_fftg001/N128s040a02711g001v19/x2.npz,4
19,0.2842002546424515,-0.016640666864732694,0.3982670947761753,pathfollow_fftg001/N128s040a02711g001v20/x2.npz,4
20,0.2849510740585749,-0.016840666864732692,0.39895419372147434,pathfollow_fftg001/N128s040a02711g001v21/x2.npz,4
21,0.28569629594673124,-0.01704066686473269,0.39964796369704,pathfollow_fftg001/N128s040a02711g001v22/x2.npz,4
22,0.286435616455298,-0.01724066686473269,0.4003478396894382,pathfollow_fftg001/N128s040a02711g001v23/x2.npz,4
23,0.28716875758083965,-0.01744066686473269,0.4010533218624756,pathfollow_fftg001/N128s040a02711g001v24/x2.npz,4
24,0.28789545606112915,-0.017640666864732688,0.4017639771063697,pathfollow_fftg001/N128s040a02711g001v25/x2.npz,4
25,0.28861545480891015,-0.017840666864732686,0.4024794395080774,pathfollow_fftg001/N128s040a02711g001v26/x2.npz,4
26,0.2893284967299903,-0.018040666864732685,0.4031994096111956,pathfollow_fftg001/N128s040a02711g001v27/x2.npz,4
27,0.29003432102969456,-0.018240666864732684,0.40392365212337283,pathfollow_fftg001/N128s040a02711g001v28/x2.npz,4
28,0.29073266234362743,-0.018440666864732683,0.4046519915366254,pathfollow_fftg001/N128s040a02711g001v29/x2.npz,4
29,0.29142325333541585,-0.01864066686473268,0.4053843048337478,pathfollow_fftg001/N128s040a02711g001v30/x2.npz,4
30,0.2921058316689019,-0.01884066686473268,0.4061205101934131,pathfollow_fftg001/N128s040a02711g001v31/x2.npz,4
31,0.2927801526009601,-0.01904066686473268,0.40686055025694173,pathfollow_fftg001/N128s040a02711g001v32/x2.npz,4
32,0.2934460086275699,-0.019240666864732678,0.40760436831747376,pathfollow_fftg001/N128s040a02711g001v33/x2.npz,4
33,0.2941032576674106,-0.019440666864732677,0.40835187571974807,pathfollow_fftg001/N128s040a02711g001v34/x2.npz,4
34,0.2947518608598645,-0.019640666864732675,0.4091029091573172,pathfollow_fftg001/N128s040a02711g001v35/x2.npz,4
35,0.29539192989796026,-0.019840666864732674,0.4098571777490344,pathfollow_fftg001/N128s040a02711g001v36/x2.npz,4
36,0.2960237814810311,-0.020040666864732673,0.41061420221344025,pathfollow_fftg001/N128s040a02711g001v37/x2.npz,4
37,0.29664799282150683,-0.020240666864732672,0.41137325234532096,pathfollow_fftg001/N128s040a02711g001v38/x2.npz,4
38,0.29726544719048087,-0.02044066686473267,0.4121332943215718,pathfollow_fftg001/N128s040a02711g001v39/x2.npz,4
39,0.2978773538983649,-0.02064066686473267,0.41289296443164125,pathfollow_fftg001/N128s040a02711g001v40/x2.npz,4
40,0.29848522530076516,-0.020840666864732668,0.4136505880515185,pathfollow_fftg001/N128s040a02711g001v41/x2.npz,4
41,0.2990907978490499,-0.021040666864732667,0.41440425832044614,pathfollow_fftg001/N128s040a02711g001v42/x2.npz,4
42,0.29969589644521033,-0.021240666864732666,0.41515197618954813,pathfollow_fftg001/N128s040a02711g001v43/x2.npz,4
43,0.3003022586204687,-0.021440666864732665,0.41589183505350524,pathfollow_fftg001/N128s040a02711g001v44/x2.npz,4
44,0.3009113497091358,-0.021640666864732663,0.41662221712909014,pathfollow_fftg001/N128s040a02711g001v45/x2.npz,4
45,0.3015242040281018,-0.021840666864732662,0.41734196398639833,pathfollow_fftg001/N128s040a02711g001v46/x2.npz,4
46,0.30214131742087685,-0.02204066686473266,0.41805049340339717,pathfollow_fftg001/N128s040a02711g001v47/x2.npz,4
47,0.3027625987259954,-0.02224066686473266,0.41874785353444,pathfollow_fftg001/N128s040a02711g001v48/x2.npz,4
48,0.30338737088193357,-0.02244066686473266,0.41943472361393064,pathfollow_fftg001/N128s040a02711g001v49/x2.npz,4
49,0.30401440318074824,-0.022640666864732657,0.4201123807256428,pathfollow_fftg001/N128s040a02711g001v50/x2.npz,4
50,0.3046419559358,-0.022840666864732656,0.42078265296237555,pathfollow_fftg001/N128s040a02711g001v51/x2.npz,4
51,0.30526782530348695,-0.023040666864732655,0.4214478728823911,pathfollow_fftg001/N128s040a02711g001v52/x2.npz,4
52,0.3058893868033725,-0.023240666864732654,0.4221108341493933,pathfollow_fftg001/N128s040a02711g001v53/x2.npz,4
53,0.3065036513695084,-0.023440666864732652,0.42277473863406195,pathfollow_fftg001/N128s040a02711g001v54/x2.npz,4
54,0.3071073712665103,-0.02364066686473265,0.42344309726180757,pathfollow_fftg001/N128s040a02711g001v55/x2.npz,4
55,0.30769727170625943,-0.02384066686473265,0.4241195082537849,pathfollow_fftg001/N128s040a02711g001v56/x2.npz,4
56,0.30827054053500846,-0.02404066686473265,0.42480717695721026,pathfollow_fftg001/N128s040a02711g001v57/x2.npz,4
57,0.3088257550681606,-0.024240666864732648,0.4255079882423702,pathfollow_fftg001/N128s040a02711g001v58/x2.npz,4
58,0.3093643311523275,-0.024440666864732646,0.42622102627438235,pathfollow_fftg001/N128s040a02711g001v59/x2.npz,4
59,0.30989206096236144,-0.024640666864732645,0.4269409518824188,pathfollow_fftg001/N128s040a02711g001v60/x2.npz,4
60,0.3104193245997038,-0.024840666864732644,0.4276576628958356,pathfollow_fftg001/N128s040a02711g001v61/x2.npz,4
61,0.31095843698206777,-0.025040666864732643,0.4283588627129787,pathfollow_fftg001/N128s040a02711g001v62/x2.npz,4
62,0.31151905617928943,-0.02524066686473264,0.4290347106093817,pathfollow_fftg001/N128s040a02711g001v63/x2.npz,4
63,0.3121050577814877,-0.02544066686473264,0.4296811163706798,pathfollow_fftg001/N128s040a02711g001v64/x2.npz,4
64,0.3127146122504649,-0.02564066686473264,0.43029981009625273,pathfollow_fftg001/N128s040a02711g001v65/x2.npz,4
65,0.3133420995678467,-0.025840666864732638,0.43089648831489663,pathfollow_fftg001/N128s040a02711g001v66/x2.npz,4
66,0.31398000599634523,-0.026040666864732637,0.4314789221434588,pathfollow_fftg001/N128s040a02711g001v67/x2.npz,4
67,0.31462013142203477,-0.026240666864732635,0.4320557483277364,pathfollow_fftg001/N128s040a02711g001v68/x2.npz,4
68,0.3152543613299987,-0.026440666864732634,0.4326357139845148,pathfollow_fftg001/N128s040a02711g001v69/x2.npz,4
69,0.31587565772089204,-0.026640666864732633,0.4332267156833168,pathfollow_fftg001/N128s040a02711g001v70/x2.npz,4
70,0.31648015319976275,-0.026840666864732632,0.4338337000988428,pathfollow_fftg001/N128s040a02711g001v71/x2.npz,4
71,0.31707090551976624,-0.02704066686473263,0.43445474774826787,pathfollow_fftg001/N128s040a02711g001v72/x2.npz,4
72,0.3176610704685827,-0.02724066686473263,0.43507746874886916,pathfollow_fftg001/N128s040a02711g001v73/x2.npz,4
73,0.31826989957506946,-0.027440666864732628,0.4356825822438013,pathfollow_fftg001/N128s040a02711g001v74/x2.npz,4
74,0.3189110916885233,-0.027640666864732627,0.4362557922722763,pathfollow_fftg001/N128s040a02711g001v75/x2.npz,4
75,0.31958600521495106,-0.027840666864732626,0.4367953078995777,pathfollow_fftg001/N128s040a02711g001v76/x2.npz,4
76,0.3202867062741868,-0.028040666864732625,0.43730926839061407,pathfollow_fftg001/N128s040a02711g001v77/x2.npz,4
77,0.32100180872248624,-0.028240666864732623,0.43780997685233247,pathfollow_fftg001/N128s040a02711g001v78/x2.npz,4
78,0.3217205923230703,-0.028440666864732622,0.4383097149560788,pathfollow_fftg001/N128s040a02711g001v79/x2.npz,4
79,0.32243623450037684,-0.02864066686473262,0.4388173548746601,pathfollow_fftg001/N128s040a02711g001v80/x2.npz,4
80,0.3231501096134995,-0.02884066686473262,0.43933351651505353,pathfollow_fftg001/N128s040a02711g001v81/x2.npz,4
81,0.32387503918066324,-0.02904066686473262,0.43984615039508246,pathfollow_fftg001/N128s040a02711g001v82/x2.npz,4
82,0.3246288311564376,-0.029240666864732617,0.4403363548057463,pathfollow_fftg001/N128s040a02711g001v83/x2.npz,4
83,0.32542019263030053,-0.029440666864732616,0.44079397031980966,pathfollow_fftg001/N128s040a02711g001v84/x2.npz,4
84,0.3262451467768922,-0.029640666864732615,0.4412231182507344,pathfollow_fftg001/N128s040a02711g001v85/x2.npz,4
85,0.3270945588565747,-0.029840666864732614,0.44163507384684264,pathfollow_fftg001/N128s040a02711g001v86/x2.npz,4
86,0.32796220711015045,-0.030040666864732612,0.44203944873100287,pathfollow_fftg001/N128s040a02711g001v87/x2.npz,4
87,0.3288501095806349,-0.03024066686473261,0.4424373017844669,pathfollow_fftg001/N128s040a02711g001v88/x2.npz,4
88,0.3297690893242415,-0.03044066686473261,0.442818348823242,pathfollow_fftg001/N128s040a02711g001v89/x2.npz,4
89,0.3307302982550546,-0.03064066686473261,0.44316921693093425,pathfollow_fftg001/N128s040a02711g001v90/x2.npz,4
90,0.33173639163159274,-0.030840666864732608,0.44348573469501323,pathfollow_fftg001/N128s040a02711g001v91/x2.npz,4
91,0.3327847958183734,-0.031040666864732606,0.4437720648755667,pathfollow_fftg001/N128s040a02711g001v92/x2.npz,4
92,0.33387580966541813,-0.031240666864732605,0.44403126882529936,pathfollow_fftg001/N128s040a02711g001v93/x2.npz,4
93,0.33501539409097664,-0.031440666864732604,0.4442592239702821,pathfollow_fftg001/N128s040a02711g001v94/x2.npz,4
94,0.3362103806605591,-0.0316406668647326,0.4444474759812225,pathfollow_fftg001/N128s040a02711g001v95/x2.npz,4
95,0.3374631171935074,-0.0318406668647326,0.44459081491919256,pathfollow_fftg001/N128s040a02711g001v96/x2.npz,4
96,0.3387733579600864,-0.0320406668647326,0.44468822276101394,pathfollow_fftg001/N128s040a02711g001v97/x2.npz,4
97,0.3401418879436418,-0.0322406668647326,0.4447384163787811,pathfollow_fftg001/N128s040a02711g001v98/x2.npz,4
98,0.34156930019887793,-0.0324406668647326,0.4447387741710088,pathfollow_fftg001/N128s040a02711g001v99/x2.npz,4
99,0.34305299519637905,-0.0326406668647326,0.4446881498209834,pathfollow_fftg001/N128s040a02711g001v100/x2.npz,4
100,0.3445872115903967,-0.032840666864732596,0.4445883090905236,pathfollow_fftg001/N128s040a02711g001v101/x2.npz,4
101,0.3461644978573578,-0.033040666864732594,0.4444431333825373,pathfollow_fftg001/N128s040a02711g001v102/x2.npz,4
102,0.34777607231365937,-0.03324066686473259,0.44425813952711307,pathfollow_fftg001/N128s040a02711g001v103/x2.npz,4
103,0.3494119285847609,-0.03344066686473259,0.444040507076463,pathfollow_fftg001/N128s040a02711g001v104/x2.npz,4
104,0.3510616556446474,-0.03364066686473259,0.4437986276081449,pathfollow_fftg001/N128s040a02711g001v105/x2.npz,4
105,0.35271550417342995,-0.03384066686473259,0.44354121857686596,pathfollow_fftg001/N128s040a02711g001v106/x2.npz,4
106,0.35436515167926685,-0.03404066686473259,0.4432764815904251,pathfollow_fftg001/N128s040a02711g001v107/x2.npz,4
107,0.3560040803743006,-0.03424066686473259,0.44301151404105715,pathfollow_fftg001/N128s040a02711g001v108/x2.npz,4
108,0.3576276342731673,-0.034440666864732586,0.44275200429444617,pathfollow_fftg001/N128s040a02711g001v109/x2.npz,4
109,0.3592328358272326,-0.034640666864732585,0.442502188368779,pathfollow_fftg001/N128s040a02711g001v110/x2.npz,4
110,0.3608180647446364,-0.03484066686473258,0.4422649992662683,pathfollow_fftg001/N128s040a02711g001v111/x2.npz,4
111,0.36238270117551785,-0.03504066686473258,0.442042315443329,pathfollow_fftg001/N128s040a02711g001v112/x2.npz,4
112,0.36392680297417285,-0.03524066686473258,0.44183522858988755,pathfollow_fftg001/N128s040a02711g001v113/x2.npz,4
113,0.36545084829322305,-0.03544066686473258,0.44164428254934196,pathfollow_fftg001/N128s040a02711g001v114/x2.npz,4
114,0.36695554749263976,-0.03564066686473258,0.4414696639292909,pathfollow_fftg001/N128s040a02711g001v115/x2.npz,4
115,0.36844171462305886,-0.03584066686473258,0.4413113431948104,pathfollow_fftg001/N128s040a02711g001v116/x2.npz,4
116,0.36991018449498086,-0.036040666864732576,0.4411691736208317,pathfollow_fftg001/N128s040a02711g001v117/x2.npz,4
117,0.37136176212485184,-0.036240666864732575,0.4410429578575666,pathfollow_fftg001/N128s040a02711g001v118/x2.npz,4
118,0.3727971939429396,-0.036440666864732574,0.4409324911970163,pathfollow_fftg001/N128s040a02711g001v119/x2.npz,4
119,0.37421715298934755,-0.03664066686473257,0.44083758882552604,pathfollow_fftg001/N128s040a02711g001v120/x2.npz,4
120,0.3756222327330595,-0.03684066686473257,0.4407581024721957,pathfollow_fftg001/N128s040a02711g001v121/x2.npz,4
121,0.37701294591007106,-0.03704066686473257,0.4406939302876692,pathfollow_fftg001/N128s040a02711g001v122/x2.npz,4
122,0.3783897260756753,-0.03724066686473257,0.4406450225760813,pathfollow_fftg001/N128s040a02711g001v123/x2.npz,4
123,0.3797529303562733,-0.03744066686473257,0.4406113851748521,pathfollow_fftg001/N128s040a02711g001v124/x2.npz,4
124,0.38110284249853765,-0.037640666864732567,0.44059308167985806,pathfollow_fftg001/N128s040a02711g001v125/x2.npz,4
125,0.38243967559054604,-0.037840666864732565,0.4405902353326179,pathfollow_fftg001/N128s040a02711g001v126/x2.npz,4
126,0.3837635740824957,-0.038040666864732564,0.44060303117280536,pathfollow_fftg001/N128s040a02711g001v127/x2.npz,4
127,0.3850746148401734,-0.03824066686473256,0.44063171885886493,pathfollow_fftg001/N128s040a02711g001v128/x2.npz,4
128,0.38637280702487475,-0.03844066686473256,0.44067661653949725,pathfollow_fftg001/N128s040a02711g001v129/x2.npz,4
129,0.387658090607439,-0.03864066686473256,0.44073811609885777,pathfollow_fftg001/N128s040a02711g001v130/x2.npz,4
130,0.3889303332990729,-0.03884066686473256,0.4408166901412387,pathfollow_fftg001/N128s040a02711g001v131/x2.npz,4
131,0.3901893256187342,-0.03904066686473256,0.4409129011490411,pathfollow_fftg001/N128s040a02711g001v132/x2.npz,4
132,0.3914347737161815,-0.03924066686473256,0.44102741336843077,pathfollow_fftg001/N128s040a02711g001v133/x2.npz,4
133,0.39266628942578574,-0.039440666864732556,0.4411610081547553,pathfollow_fftg001/N128s040a02711g001v134/x2.npz,4
134,0.393883376825659,-0.039640666864732554,0.4413146037635615,pathfollow_fftg001/N128s040a02711g001v135/x2.npz,4
135,0.3950854142955381,-0.03984066686473255,0.44148928093198647,pathfollow_fftg001/N128s040a02711g001v136/x2.npz,4
136,0.3962716306550418,-0.04004066686473255,0.4416863161319245,pathfollow_fftg001/N128s040a02711g001v137/x2.npz,4
137,0.3974410733495113,-0.04024066686473255,0.44190722517075254,pathfollow_fftg001/N128s040a02711g001v138/x2.npz,4
138,0.398592565699944,-0.04044066686473255,0.4421538210476561,pathfollow_fftg001/N128s040a02711g001v139/x2.npz,4
139,0.3997246487323692,-0.04064066686473255,0.442428291901462,pathfollow_fftg001/N128s040a02711g001v140/x2.npz,4
140,0.4008355006757281,-0.04084066686473255,0.44273330800236116,pathfollow_fftg001/N128s040a02711g001v141/x2.npz,4
141,0.40192282316086053,-0.041040666864732546,0.4430721719106267,pathfollow_fftg001/N128s040a02711g001v142/x2.npz,4
142,0.40298367618481434,-0.041240666864732545,0.4434490348198836,pathfollow_fftg001/N128s040a02711g001v143/x2.npz,4
143,0.40401423126981983,-0.041440666864732544,0.44386921815265146,pathfollow_fftg001/N128s040a02711g001v144/x2.npz,4
144,0.4050093882616358,-0.04164066686473254,0.4443397099038262,pathfollow_fftg001/N128s040a02711g001v145/x2.npz,4
145,0.4059621525205302,-0.04184066686473254,0.4448699668049217,pathfollow_fftg001/N128s040a02711g001v146/x2.npz,4
146,0.4068625625584636,-0.04204066686473254,0.4454732879489175,pathfollow_fftg001/N128s040a02711g001v147/x2.npz,4
147,0.4076957003525697,-0.04224066686473254,0.4461693494295101,pathfollow_fftg001/N128s040a02711g001v148/x2.npz,4
148,0.40843760865525186,-0.04244066686473254,0.4469893765617361,pathfollow_fftg001/N128s040a02711g001v149/x2.npz,4
149,0.4090454130389929,-0.042640666864732536,0.44798851866183476,pathfollow_fftg001/N128s040a02711g001v150/x3.npz,4
150,0.4092746008477879,-0.04274066686473254,0.4492816518628354,pathfollow_fftg001/N128s040a02711g001v151/x3.npz,4
151,0.40942889938186555,-0.04284066686473254,0.45121349216770257,pathfollow_fftg001/N128s040a02711g001v152/x3.npz,4
152,0.40947033461328797,-0.042940666864732545,0.45331668400850555,pathfollow_fftg001/N128s040a02711g001v153/x4.npz,4
153,0.40931292663049695,-0.04304066686473255,0.4512134925644937,pathfollow_fftg001/N128s040a02711g001v154/x3.npz,4
154,0.4086452898274023,-0.04314066686473255,0.45294202450263615,pathfollow_fftg001/N128s040a02711g001v155/x3.npz,4
0,0.3286,-0.04320655712483073,0.505600593848817,pathfollow_fftg001/N128s040a03286g001/x4.npz,5
1,0.3296,-0.0430677643285528,0.5048931997430264,pathfollow_fftg001/N128s040a03296g001/x4.npz,5
2,0.3306,-0.042936372027394996,0.5041902555714665,pathfollow_fftg001/N128s040a03306g001/x4.npz,5
3,0.3316,-0.04281269178024575,0.5034936789600399,pathfollow_fftg001/N128s040a03316g001/x4.npz,5
4,0.3326,-0.04269661594292802,0.5028041443406799,pathfollow_fftg001/N128s040a03326g001/x3.npz,5
5,0.3336,-0.042587941754928325,0.5021219755661485,pathfollow_fftg001/N128s040a03336g001/x3.npz,5
6,0.3346,-0.0424864104742571,0.5014472706849875,pathfollow_fftg001/N128s040a03346g001/x3.npz,5
7,0.3356,-0.04239173101336039,0.5007799457988261,pathfollow_fftg001/N128s040a03356g001/x3.npz,5
8,0.3366,-0.04230359833260681,0.5001197975993088,pathfollow_fftg001/N128s040a03366g001/x3.npz,5
9,0.3376,-0.04222170576704178,0.4994665439587722,pathfollow_fftg001/N128s040a03376g001/x3.npz,5
10,0.3386,-0.04214575314796216,0.4988198541467656,pathfollow_fftg001/N128s040a03386g001/x3.npz,5
11,0.3396,-0.042075451907952977,0.4981793709048664,pathfollow_fftg001/N128s040a03396g001/x3.npz,5
12,0.3406,-0.04201052795596107,0.49754472595094706,pathfollow_fftg001/N128s040a03406g001/x3.npz,5
13,0.3416,-0.04195072308284745,0.4969155507693602,pathfollow_fftg001/N128s040a03416g001/x3.npz,5
14,0.3426,-0.04189579545066293,0.49629148416214225,pathfollow_fftg001/N128s040a03426g001/x3.npz,5
15,0.3436,-0.041845652156187296,0.49567271877777136,pathfollow_fftg001/N128s040a03436g001/x2.npz,5
16,0.3446,-0.04179979334473586,0.49505774712483974,pathfollow_fftg001/N128s040a03446g001/x2.npz,5
17,0.3456,-0.04175818609440567,0.49444690410486525,pathfollow_fftg001/N128s040a03456g001/x2.npz,5
18,0.3466,-0.04172064722502937,0.49383988561023606,pathfollow_fftg001/N128s040a03466g001/x2.npz,5
19,0.3476,-0.04168700664099623,0.49323640674184144,pathfollow_fftg001/N128s040a03476g001/x2.npz,5
20,0.3486,-0.041657106157013346,0.492636201031387,pathfollow_fftg001/N128s040a03486g001/x2.npz,5
21,0.3496,-0.04163079836012988,0.49203901936849825,pathfollow_fftg001/N128s040a03496g001/x2.npz,5
22,0.3506,-0.04160794552995796,0.4914446287118191,pathfollow_fftg001/N128s040a03506g001/x2.npz,5
23,0.3516,-0.041588418715477846,0.4908528110382551,pathfollow_fftg001/N128s040a03516g001/x2.npz,5
24,0.3526,-0.04157209686214034,0.4902633620846213,pathfollow_fftg001/N128s040a03526g001/x2.npz,5
25,0.3536,-0.04155886604589393,0.48967609024570885,pathfollow_fftg001/N128s040a03536g001/x2.npz,5
26,0.3546,-0.04154861873686453,0.48909081530248966,pathfollow_fftg001/N128s040a03546g001/x2.npz,5
27,0.3556,-0.04154125310519277,0.4885073670938874,pathfollow_fftg001/N128s040a03556g001/x2.npz,5
28,0.35660000000000003,-0.04153667241071719,0.4879255842581873,pathfollow_fftg001/N128s040a03566g001/x2.npz,5
29,0.35760000000000003,-0.041534784471663394,0.48734531309412726,pathfollow_fftg001/N128s040a03576g001/x2.npz,5
30,0.35860000000000003,-0.04153550121321064,0.48676640653116066,pathfollow_fftg001/N128s040a03586g001/x2.npz,5
31,0.35960000000000003,-0.04153873825176652,0.48618872310453654,pathfollow_fftg001/N128s040a03596g001/x2.npz,5
32,0.36060000000000003,-0.041544414513576815,0.48561212594173053,pathfollow_fftg001/N128s040a03606g001/x2.npz,5
33,0.36160000000000003,-0.04155245187386325,0.485036481698521,pathfollow_fftg001/N128s040a03616g001/x2.npz,5
34,0.36260000000000003,-0.041562774825809695,0.4844616595275985,pathfollow_fftg001/N128s040a03626g001/x2.npz,5
35,0.36360000000000003,-0.04157531020391647,0.48388753014202135,pathfollow_fftg001/N128s040a03636g001/x2.npz,5
36,0.36460000000000004,-0.04158998694717872,0.48331396495111895,pathfollow_fftg001/N128s040a03646g001/x2.npz,5
37,0.36560000000000004,-0.04160673589878343,0.4827408352649395,pathfollow_fftg001/N128s040a03656g001/x2.npz,5
38,0.36660000000000004,-0.04162548962194657,0.4821680115018407,pathfollow_fftg001/N128s040a03666g001/x2.npz,5
39,0.36760000000000004,-0.04164618221966812,0.48159536236092926,pathfollow_fftg001/N128s040a03676g001/x2.npz,5
40,0.36860000000000004,-0.04166874915429542,0.48102275394936417,pathfollow_fftg001/N128s040a03686g001/x2.npz,5
41,0.36960000000000004,-0.041693127079086637,0.48045004890735293,pathfollow_fftg001/N128s040a03696g001/x2.npz,5
42,0.37060000000000004,-0.04171925368313717,0.4798771055363031,pathfollow_fftg001/N128s040a03706g001/x2.npz,5
43,0.37160000000000004,-0.04174706755558607,0.47930377694868787,pathfollow_fftg001/N128s040a03716g001/x2.npz,5
44,0.37260000000000004,-0.04177650806091278,0.47872991021092004,pathfollow_fftg001/N128s040a03726g001/x2.npz,5
45,0.37360000000000004,-0.04180751521732789,0.4781553454478513,pathfollow_fftg001/N128s040a03736g001/x2.npz,5
46,0.37460000000000004,-0.04184002956354711,0.47757991484399626,pathfollow_fftg001/N128s040a03746g001/x2.npz,5
47,0.37560000000000004,-0.041873992014568207,0.47700344155172986,pathfollow_fftg001/N128s040a03756g001/x2.npz,5
48,0.37660000000000005,-0.04190934369841164,0.4764257384538243,pathfollow_fftg001/N128s040a03766g001/x2.npz,5
49,0.3776,-0.041946025781975295,0.47584660680144497,pathfollow_fftg001/N128s040a03776g001/x2.npz,5
50,0.3786,-0.04198397928457472,0.4752658347087936,pathfollow_fftg001/N128s040a03786g001/x2.npz,5
51,0.3796,-0.04202314488152861,0.47468319548787097,pathfollow_fftg001/N128s040a03796g001/x2.npz,5
52,0.3806,-0.04206346268975373,0.47409844576923854,pathfollow_fftg001/N128s040a03806g001/x2.npz,5
53,0.3816,-0.04210487202430247,0.4735113233436395,pathfollow_fftg001/N128s040a03816g001/x2.npz,5
54,0.3826,-0.04214731111921496,0.4729215446584254,pathfollow_fftg001/N128s040a03826g001/x2.npz,5
55,0.3836,-0.04219071679505805,0.47232880186472365,pathfollow_fftg001/N128s040a03836g001/x2.npz,5
56,0.3846,-0.04223502406796383,0.47173275934442194,pathfollow_fftg001/N128s040a03846g001/x2.npz,5
57,0.3856,-0.04228016568725174,0.47113304959248253,pathfollow_fftg001/N128s040a03856g001/x2.npz,5
58,0.3866,-0.04232607158986417,0.4705292683229286,pathfollow_fftg001/N128s040a03866g001/x2.npz,5
59,0.3876,-0.042372668256598855,0.4699209686317537,pathfollow_fftg001/N128s040a03876g001/x2.npz,5
60,0.3886,-0.04241987794228463,0.46930765394881613,pathfollow_fftg001/N128s040a03886g001/x2.npz,5
61,0.3896,-0.042467617743216154,0.468688769457338,pathfollow_fftg001/N128s040a03896g001/x2.npz,5
62,0.3906,-0.04251579845484953,0.46806369153060395,pathfollow_fftg001/N128s040a03906g001/x2.npz,5
63,0.3916,-0.04256432315052313,0.46743171459138755,pathfollow_fftg001/N128s040a03916g001/x2.npz,5
64,0.3926,-0.04261308539095627,0.46679203456460083,pathfollow_fftg001/N128s040a03926g001/x2.npz,5
65,0.3936,-0.04266196694387853,0.4661437278195001,pathfollow_fftg001/N128s040a03936g001/x2.npz,5
66,0.3946,-0.04271083484139948,0.46548572400910343,pathfollow_fftg001/N128s040a03946g001/x2.npz,5
67,0.3956,-0.04275953753122088,0.46481677053393383,pathfollow_fftg001/N128s040a03956g001/x2.npz,5
68,0.3966,-0.042807899744342674,0.46413538520714664,pathfollow_fftg001/N128s040a03966g001/x2.npz,5
69,0.3976,-0.04285571553398703,0.46343979202286545,pathfollow_fftg001/N128s040a03976g001/x2.npz,5
70,0.3986,-0.042902738589974954,0.4627278319248572,pathfollow_fftg001/N128s040a03986g001/x2.npz,5
71,0.3996,-0.042948668412390985,0.4619968356080514,pathfollow_fftg001/N128s040a03996g001/x2.npz,5
72,0.4006,-0.042993129946044005,0.46124343652389266,pathfollow_fftg001/N128s040a04006g001/x2.npz,5
73,0.4016,-0.04303564246681026,0.4604632858268997,pathfollow_fftg001/N128s040a04016g001/x2.npz,5
74,0.4026,-0.043075569921222925,0.4596505983825659,pathfollow_fftg001/N128s040a04026g001/x2.npz,5
75,0.4036,-0.043112037372574345,0.4587973904429973,pathfollow_fftg001/N128s040a04036g001/x2.npz,5
76,0.4046,-0.04314370997782566,0.4578915403978168,pathfollow_fftg001/N128s040a04046g001/x3.npz,5
77,0.4056,-0.043168709307281124,0.4569157930426268,pathfollow_fftg001/N128s040a04056g001/x3.npz,5
78,0.4066,-0.04318360758238871,0.4558389788008161,pathfollow_fftg001/N128s040a04066g001/x3.npz,5
79,0.4076,-0.04318160933786669,0.45459942395785596,pathfollow_fftg001/N128s040a04076g001/x3.npz,5
0,0.3265,-0.04349803355097792,0.5070299178674202,pathfollow_fftg001/N128s040a03265g001/x4.npz,6
1,0.3266,-0.04350689935021355,0.5070263893767198,pathfollow_fftg001/N128s040a03266g001/x4.npz,6
2,0.3267,-0.04349134500374094,0.5069553509563267,pathfollow_fftg001/N128s040a03267g001/x4.npz,6
3,0.32680000000000003,-0.043475751143535135,0.5068840157984368,pathfollow_fftg001/N128s040a03268g001/x3.npz,6
4,0.3269,-0.043460227848693016,0.5068126880739673,pathfollow_fftg001/N128s040a03269g001/x3.npz,6
5,0.327,-0.04344476681823771,0.5067413464924033,pathfollow_fftg001/N128s040a03270g001/x3.npz,6
6,0.3271,-0.04342937180875462,0.5066700021418572,pathfollow_fftg001/N128s040a03271g001/x3.npz,6
7,0.3272,-0.04341436459695974,0.5065995614837238,pathfollow_fftg001/N128s040a03272g001/x2.npz,6
8,0.32730000000000004,-0.04339901227981447,0.5065279641558861,pathfollow_fftg001/N128s040a03273g001/x2.npz,6
9,0.3274,-0.0433837601756815,0.5064564617789011,pathfollow_fftg001/N128s040a03274g001/x2.npz,6
10,0.3275,-0.04336859659606657,0.5063850227541573,pathfollow_fftg001/N128s040a03275g001/x2.npz,6
11,0.3276,-0.043309842305415534,0.5061908362278119,pathfollow_fftg001/N128s040a03276g001/x4.npz,6
12,0.3277,-0.043338512174875096,0.5062422748187366,pathfollow_fftg001/N128s040a03277g001/x2.npz,6
13,0.3278,-0.04332358571369567,0.506170952084399,pathfollow_fftg001/N128s040a03278g001/x2.npz,6
14,0.3279,-0.04330873464634,0.5060996598087064,pathfollow_fftg001/N128s040a03279g001/x2.npz,6
15,0.328,-0.04329395838926565,0.5060283973079657,pathfollow_fftg001/N128s040a03280g001/x2.npz,6
16,0.3281,-0.04327925669529534,0.5059571648518312,pathfollow_fftg001/N128s040a03281g001/x2.npz,6
17,0.3282,-0.04326462952556046,0.5058859633027232,pathfollow_fftg001/N128s040a03282g001/x2.npz,6
18,0.3283,-0.043250076950145475,0.5058147938363159,pathfollow_fftg001/N128s040a03283g001/x2.npz,6
19,0.3284,-0.043235599124618176,0.5057436578776012,pathfollow_fftg001/N128s040a03284g001/x2.npz,6
20,0.3285,-0.04322119649655634,0.5056725577050405,pathfollow_fftg001/N128s040a03285g001/x2.npz,6
21,0.3286,-0.04320655712483073,0.505600593848817,pathfollow_fftg001/N128s040a03286g001/x4.npz,6
0,0.32641,-0.043538264563011214,0.5071658413014465,pathfollow_fftg001_/N128s040a032641g001/x2.npz,7
1,0.32642,-0.04353590010908524,0.5071565519650812,pathfollow_fftg001_/N128s040a032642g001/x2.npz,7
2,0.32643,-0.043534039502305485,0.5071486493016898,pathfollow_fftg001_/N128s040a032643g001/x2.npz,7
3,0.32644,-0.04353233544441111,0.507141176167697,pathfollow_fftg001_/N128s040a032644g001/x2.npz,7
4,0.32645,-0.04353069483061859,0.5071338760025237,pathfollow_fftg001_/N128s040a032645g001/x2.npz,7
5,0.32646,-0.04352908341505088,0.5071266544315773,pathfollow_fftg001_/N128s040a032646g001/x2.npz,7
6,0.32647,-0.043527486807089594,0.507119471793212,pathfollow_fftg001_/N128s040a032647g001/x2.npz,7
7,0.32648,-0.04352589839097039,0.5071123098521811,pathfollow_fftg001_/N128s040a032648g001/x2.npz,7
8,0.32649,-0.04352431510576205,0.5071051601722614,pathfollow_fftg001_/N128s040a032649g001/x2.npz,7
